3.927860673711374147e+03 3.454111242076465249e+00
3.930417089833339105e+03 2.644724356938824350e+00
3.932973522176956067e+03 2.044534589739894326e+00
3.935529970682922794e+03 1.584043857099160402e+00
3.938086435292151236e+03 1.210970286592341960e+00
3.940642915945767982e+03 9.684296906810344607e-01
3.943199412585114715e+03 8.997990650785850919e-01
3.945755925151746851e+03 9.433536139916759433e-01
3.948312453587433993e+03 9.957468235890629682e-01
3.950868997834161291e+03 1.048410685901401518e+00
3.953425557834128085e+03 1.091669231686568375e+00
3.955982133529746989e+03 1.123579684276505342e+00
3.958538724863646621e+03 1.139695491924744397e+00
3.961095331778669333e+03 1.123410585756203339e+00
3.963651954217872571e+03 1.087402034594711742e+00
3.966208592124526604e+03 1.019829034677372626e+00
3.968765245442118612e+03 9.093586937738221687e-01
3.971321914114348147e+03 7.782708892980626514e-01
3.973878598085130307e+03 6.278874985271930553e-01
3.976435297298594378e+03 5.421344577689087840e-01
3.978992011699084287e+03 5.568882622248381153e-01
3.981548741231158601e+03 6.513028232950101026e-01
3.984105485839589164e+03 7.794928063008788044e-01
3.986662245469364279e+03 8.878056941906710131e-01
3.989219020065685072e+03 9.420944758300512367e-01
3.991775809573967308e+03 9.542788495231215862e-01
3.994332613939842304e+03 9.648000796555542546e-01
3.996889433109155107e+03 9.865102393417873872e-01
3.999446267027965405e+03 1.011611134149294378e+00
4.002003115642547073e+03 1.015347998906469540e+00
4.004559978899388170e+03 9.955770897150597598e-01
4.007116856745192763e+03 1.002508414766889233e+00
4.009673749126877283e+03 1.028220448399962406e+00
4.012230655991574622e+03 1.000939552497424501e+00
4.014787577286630494e+03 9.704649503510658359e-01
4.017344512959606163e+03 9.900689031199231271e-01
4.019901462958277079e+03 1.024578030034672738e+00
4.022458427230633333e+03 1.034188858911469833e+00
4.025015405724878747e+03 1.030030788132346942e+00
4.027572398389432237e+03 1.031409867180860696e+00
4.030129405172927363e+03 1.042077467429890048e+00
4.032686426024211414e+03 1.042221475429127686e+00
4.035243460892347230e+03 1.056625798034028119e+00
4.037800509726611381e+03 1.033681626193110104e+00
4.040357572476494624e+03 9.625470272351536183e-01
4.042914649091703268e+03 9.556098782023947358e-01
4.045471739522156895e+03 1.036728610652555505e+00
4.048028843717990640e+03 1.074157077857774700e+00
4.050585961629552912e+03 1.049732004571871657e+00
4.053143093207407674e+03 9.440830162216794497e-01
4.055700238402333071e+03 9.163369091007609324e-01
4.058257397165321436e+03 1.018146962825069002e+00
4.060814569447580197e+03 1.047006184447691002e+00
4.063371755200530060e+03 1.009364256316713337e+00
4.065928954375807280e+03 9.785271490861189303e-01
4.068486166925262296e+03 9.997794220156195344e-01
4.071043392800959737e+03 9.716910463555700206e-01
4.073600631955179779e+03 9.370743330449234909e-01
4.076157884340415421e+03 1.005835846586220717e+00
4.078715149909375214e+03 1.032292417123902073e+00
4.081272428614981891e+03 1.016420449801291204e+00
4.083829720410372829e+03 1.018476899784811929e+00
4.086387025248899590e+03 9.779921224513576927e-01
4.088944343084128832e+03 1.028249248445265884e+00
4.091501673869840488e+03 1.074282192114927037e+00
4.094059017560030497e+03 1.053234419450690629e+00
4.096616374108907621e+03 1.104426354443800218e+00
4.099173743470896625e+03 1.126147107685919746e+00
4.101731125600636005e+03 1.096413835478396770e+00
4.104288520452978446e+03 1.043638031342930317e+00
4.106845927982992180e+03 9.862063510196410476e-01
4.109403348145958262e+03 8.905107732731891712e-01
4.111960780897374207e+03 8.620749546794015394e-01
4.114518226192950351e+03 9.788201517629667725e-01
4.117075683988611672e+03 1.042465657403389923e+00
4.119633154240498698e+03 1.048957755725085983e+00
4.122190636904965686e+03 1.084241942072004417e+00
4.124748131938581537e+03 1.127302874131631105e+00
4.127305639298129790e+03 1.095156628439884372e+00
4.129863158940607718e+03 1.067868136081450370e+00
4.132420690823228142e+03 1.080976729786166990e+00
4.134978234903416705e+03 1.067098060695134354e+00
4.137535791138815512e+03 1.043346893467913095e+00
4.140093359487280395e+03 1.002616588845266055e+00
4.142650939906881831e+03 9.689827560006155638e-01
4.145208532355903117e+03 1.031927680185245277e+00
4.147766136792844009e+03 1.096034540893189080e+00
4.150323753176418904e+03 1.055858117297219900e+00
4.152881381465554114e+03 9.704892152844010189e-01
4.155439021619394225e+03 1.001771886358748587e+00
4.157996673597294830e+03 1.032154286253979203e+00
4.160554337358827979e+03 1.012902613870188873e+00
4.163112012863779455e+03 9.850626189266038502e-01
4.165669700072149681e+03 9.676728960118178291e-01
4.168227398944153720e+03 1.006058924596937576e+00
4.170785109440220367e+03 1.054687599772326179e+00
4.173342831520994878e+03 1.075882669790521717e+00
4.175900565147334419e+03 1.033060061020717457e+00
4.178458310280311707e+03 1.011913133783805652e+00
4.181016066881214101e+03 9.633125427795385942e-01
4.183573834911544509e+03 9.262751555421133709e-01
4.186131614333017751e+03 9.540204381054208094e-01
4.188689405107564198e+03 9.745129539294106191e-01
4.191247207197331591e+03 9.678248117848158305e-01
4.193805020564676852e+03 9.586822450347741720e-01
4.196362845172175184e+03 9.360947340646269543e-01
4.198920680982614613e+03 9.398537664401522829e-01
4.201478527958999621e+03 1.001314223534591763e+00
4.204036386064546605e+03 9.870131119739439240e-01
4.206594255262687511e+03 9.097787719035226317e-01
4.209152135517069837e+03 8.795133324835652244e-01
4.211710026791552991e+03 9.068505210957871210e-01
4.214267929050214661e+03 9.657814878414586746e-01
4.216825842257342629e+03 1.014771268619599098e+00
4.219383766377442043e+03 1.018410584565693222e+00
4.221941701375231787e+03 1.023379832935689349e+00
4.224499647215645382e+03 9.850737941257498020e-01
4.227057603863830082e+03 9.680948740314024858e-01
4.229615571285148690e+03 1.023924056135787408e+00
4.232173549445178651e+03 9.920784960074082726e-01
4.234731538309709322e+03 8.359643616347233186e-01
4.237289537844748338e+03 8.213492064675008697e-01
4.239847548016515248e+03 9.751876861789341433e-01
4.242405568791444239e+03 9.989826111430439859e-01
4.244963600136185050e+03 9.371207504541164690e-01
4.247521642017600243e+03 9.189609209641074195e-01
4.250079694402768837e+03 9.595075508606547565e-01
4.252637757258983584e+03 9.995274664193759540e-01
4.255195830553751875e+03 9.954540902835360416e-01
4.257753914254793017e+03 9.298388044332788205e-01
4.260312008330045501e+03 9.181934138284597591e-01
4.262870112747658823e+03 9.489700518491143155e-01
4.265428227475997119e+03 9.679031664557482539e-01
4.267986352483641895e+03 9.439475010508849850e-01
4.270544487739384749e+03 9.095935203501488431e-01
4.273102633212234650e+03 9.881662687647970733e-01
4.275660788871415207e+03 1.033032950029756591e+00
4.278218954686363759e+03 9.659332498606748585e-01
4.280777130626730468e+03 8.580591895194231711e-01
4.283335316662383775e+03 8.393252477077713936e-01
4.285893512763403123e+03 9.370302706537474435e-01
4.288451718900083506e+03 9.829698994322805250e-01
4.291009935042935467e+03 9.631222023796577325e-01
4.293568161162683282e+03 9.528452929693504991e-01
4.296126397230264047e+03 9.182446230546819077e-01
4.298684643216832228e+03 8.723445041428103952e-01
4.301242899093755113e+03 8.816070092322874086e-01
4.303801164832614631e+03 9.122932878496351483e-01
4.306359440405207351e+03 8.474962391678919627e-01
4.308917725783544483e+03 7.360123975044302602e-01
4.311476020939850969e+03 6.910929604887388056e-01
4.314034325846567299e+03 7.077833949138419012e-01
4.316592640476347697e+03 6.834279575757932212e-01
4.319150964802061026e+03 6.641839231374829788e-01
4.321709298796789881e+03 7.497606405379078076e-01
4.324267642433834226e+03 9.258365983946253985e-01
4.326825995686704118e+03 1.086418215603663029e+00
4.329384358529127894e+03 1.117107748742961260e+00
4.331942730935045802e+03 1.003474881250555395e+00
4.334501112878613640e+03 8.721895550590453849e-01
4.337059504334202757e+03 9.239679899549152475e-01
4.339617905276396414e+03 1.053908783898760859e+00
4.342176315679995241e+03 1.085826631752148330e+00
4.344734735520010872e+03 1.050592662959716428e+00
4.347293164771673219e+03 9.183834383604781992e-01
4.349851603410424104e+03 8.015577367421463650e-01
4.352410051411921813e+03 8.545954729542728501e-01
4.354968508752035632e+03 9.713728494229021404e-01
4.357526975406853126e+03 1.032392447269362412e+00
4.360085451352673772e+03 1.002482304770844213e+00
4.362643936566014418e+03 9.612657367531065589e-01
4.365202431023602003e+03 9.967509414189000827e-01
4.367760934702382656e+03 1.034494533354809453e+00
4.370319447579513508e+03 1.058003017936245849e+00
4.372877969632367240e+03 1.092827091360925928e+00
4.375436500838532083e+03 1.094009530684146192e+00
4.377995041175810002e+03 1.064492360684179406e+00
4.380553590622215779e+03 1.036703127374317246e+00
4.383112149155981569e+03 1.001247680706062182e+00
4.385670716755551439e+03 9.899104948920334213e-01
4.388229293399585913e+03 1.021598743233607332e+00
4.390787879066960159e+03 9.649217496165831687e-01
4.393346473736760345e+03 8.510399389678008353e-01
4.395905077388291829e+03 8.626140371163455445e-01
4.398463690001070972e+03 9.413137358358776297e-01
4.401022311554829685e+03 9.625235325164516187e-01
4.403580942029515427e+03 9.811870579499716305e-01
4.406139581405289391e+03 1.006898269069282703e+00
4.408698229662525591e+03 1.012972718763008873e+00
4.411256886781815410e+03 9.739802876464463965e-01
4.413815552743963053e+03 9.334655575555526053e-01
4.416374227529986456e+03 9.376448992724518705e-01
4.418932911121120924e+03 1.005010434339316250e+00
4.421491603498812765e+03 1.057586982928206965e+00
4.424050304644723838e+03 1.036440276397938787e+00
4.426609014540732460e+03 1.022571721174694748e+00
4.429167733168929772e+03 1.066436268180778857e+00
4.431726460511620644e+03 1.072715221994429813e+00
4.434285196551325498e+03 1.047526016630166090e+00
4.436843941270779396e+03 1.049503408385737080e+00
4.439402694652932041e+03 1.051608561928901953e+00
4.441961456680945957e+03 1.028051036545855279e+00
4.444520227338200129e+03 1.004316392093515198e+00
4.447079006608287273e+03 1.029484165086177461e+00
4.449637794475012925e+03 1.051522999627682475e+00
4.452196590922400901e+03 1.024364597915407904e+00
4.454755395934686021e+03 1.029267533604701468e+00
4.457314209496318654e+03 1.052839305918017221e+00
4.459873031591963809e+03 1.050977448302095496e+00
4.462431862206501137e+03 1.013437639201180351e+00
4.464990701325024929e+03 9.554550086302446843e-01
4.467549548932843209e+03 9.311840975737929460e-01
4.470108405015479548e+03 9.445966560253181710e-01
4.472667269558670341e+03 9.730811273395045813e-01
4.475226142548367534e+03 1.006775962700519944e+00
4.477785023970737711e+03 1.014434687048774819e+00
4.480343913812161190e+03 1.022801577482639779e+00
4.482902812059234748e+03 1.056787054675258908e+00
4.485461718698766163e+03 1.080710746576847514e+00
4.488020633717781493e+03 1.059139644049573503e+00
4.490579557103517800e+03 1.012927056726459885e+00
4.493138488843428604e+03 1.014389497485859604e+00
4.495697428925182066e+03 1.054753635651253907e+00
4.498256377336660080e+03 1.046992229979406108e+00
4.500815334065959178e+03 1.026921309175496733e+00
4.503374299101390534e+03 1.026323775056759979e+00
4.505933272431479054e+03 1.033899037011079436e+00
4.508492254044965193e+03 1.049119200681609909e+00
4.511051243930804048e+03 1.066950802107646368e+00
4.513610242078163537e+03 1.089190107423725129e+00
4.516169248476428038e+03 1.103626719978925586e+00
4.518728263115194750e+03 1.096996025486706827e+00
4.521287285984275513e+03 1.079588702038912107e+00
4.523846317073698629e+03 1.056340617574810459e+00
4.526405356373705217e+03 1.044235305476887588e+00
4.528964403874749223e+03 1.048375572373140496e+00
4.531523459567502869e+03 1.044316327761372287e+00
4.534082523442850288e+03 1.010999067150294639e+00
4.536641595491891167e+03 9.602154151270227977e-01
4.539200675705938011e+03 9.351199913647243456e-01
4.541759764076519787e+03 9.435634480286413384e-01
4.544318860595379192e+03 9.639851081191528337e-01
4.546877965254472656e+03 1.003511288835128745e+00
4.549437078045973067e+03 1.039526118070324578e+00
4.551996198962265225e+03 1.038968849619726242e+00
4.554555327995950393e+03 1.023661566166335968e+00
4.557114465139842650e+03 9.995191110285930325e-01
4.559673610386973451e+03 9.843549045569242040e-01
4.562232763730584338e+03 9.851391873020312051e-01
4.564791925164135137e+03 9.972224663275190970e-01
4.567351094681298491e+03 1.022646576716766509e+00
4.569910272275962598e+03 1.051680255603840930e+00
4.572469457942227564e+03 1.042168114569339110e+00
4.575028651674410867e+03 1.019496976263716714e+00
4.577587853467043715e+03 1.025281231990158748e+00
4.580147063314870138e+03 1.035623264611421179e+00
4.582706281212851536e+03 1.035597244504889325e+00
4.585265507156160311e+03 1.045464942923888252e+00
4.587824741140186234e+03 1.033217442604122294e+00
4.590383983160531898e+03 9.970645457955786828e-01
4.592943233213016356e+03 9.780320069446770681e-01
4.595502491293669664e+03 9.905210831017351447e-01
4.598061757398740156e+03 1.017301673523810068e+00
4.600621031524688078e+03 1.026087660798703727e+00
4.603180313668188319e+03 1.011301630039423527e+00
4.605739603826132225e+03 1.004158352554844313e+00
4.608298901995623964e+03 1.006115105215830141e+00
4.610858208173982348e+03 1.007086230929009396e+00
4.613417522358740825e+03 1.015172553832270230e+00
4.615976844547647488e+03 1.032669790418105693e+00
4.618536174738665068e+03 1.051620423915445413e+00
4.621095512929969118e+03 1.051575688254967167e+00
4.623654859119951652e+03 1.040156461961093681e+00
4.626214213307219325e+03 1.039269058509272092e+00
4.628773575490590702e+03 1.040658814452560588e+00
4.631332945669102628e+03 1.046254692677673903e+00
4.633892323842002952e+03 1.050286592907083705e+00
4.636451710008755072e+03 1.048779987110098011e+00
4.639011104169038845e+03 1.048597100646073699e+00
4.641570506322745132e+03 1.044606514866567526e+00
4.644129916469983073e+03 1.037739212837716085e+00
4.646689334611071899e+03 1.023487661465580789e+00
4.649248760746550033e+03 1.021437673959313397e+00
4.651808194877165988e+03 1.030363711776478786e+00
4.654367637003885648e+03 1.019794121976344892e+00
4.656927087127889536e+03 9.948354510003449835e-01
4.659486545250570089e+03 1.006264556859969961e+00
4.662046011373536203e+03 1.034884251629187402e+00
4.664605485498611415e+03 1.038083224739118737e+00
4.667164967627832993e+03 1.048609056244776960e+00
4.669724457763451937e+03 1.072778372151847348e+00
4.672283955907934796e+03 1.057458923661122929e+00
4.674843462063963671e+03 1.002549020666421598e+00
4.677402976234433481e+03 9.587515671030892861e-01
4.679962498422452882e+03 9.771106867281750263e-01
4.682522028631346984e+03 1.019193544675461416e+00
4.685081566864653723e+03 1.037053629521000220e+00
4.687641113126127493e+03 1.027901676186992352e+00
4.690200667419735510e+03 1.008133834887025682e+00
4.692760229749659629e+03 1.015817299315107114e+00
4.695319800120297259e+03 1.034923641632280455e+00
4.697879378536257718e+03 1.037873284001732621e+00
4.700438965002368604e+03 1.030079581475691564e+00
4.702998559523669428e+03 1.035663165005157760e+00
4.705558162105413430e+03 1.041844076130875374e+00
4.708117772753072131e+03 1.021649363557409318e+00
4.710677391472326235e+03 9.886949268376046263e-01
4.713237018269075634e+03 9.765106923976593079e-01
4.715796653149431222e+03 9.866109600216027564e-01
4.718356296119721264e+03 9.994967067834368279e-01
4.720915947186486846e+03 1.013183113790561807e+00
4.723475606356483695e+03 1.029572672085871110e+00
4.726035273636681268e+03 1.047407962760893652e+00
4.728594949034265483e+03 1.078358277025557088e+00
4.731154632556635988e+03 1.091723242492434576e+00
4.733714324211405255e+03 1.090768491226485892e+00
4.736274024006401305e+03 1.064109612556078943e+00
4.738833731949668618e+03 1.021259361310248082e+00
4.741393448049462677e+03 1.013436709012601300e+00
4.743953172314256335e+03 1.027004199600411782e+00
4.746512904752734357e+03 1.028035105940670935e+00
4.749072645373798878e+03 1.034750396526590732e+00
4.751632394186563943e+03 1.049353102545336869e+00
4.754192151200359149e+03 1.057315929085957729e+00
4.756751916424728734e+03 1.061377145326543481e+00
4.759311689869430666e+03 1.058723091331776667e+00
4.761871471544439373e+03 1.041468856743454463e+00
4.764431261459940288e+03 1.020792928766809160e+00
4.766991059626337119e+03 1.023508989049879414e+00
4.769550866054245489e+03 1.033283463783336575e+00
4.772110680754495661e+03 1.015306625645343575e+00
4.774670503738134357e+03 9.889971696104281618e-01
4.777230335016420213e+03 9.991353368351570952e-01
4.779790174600828323e+03 1.028334449624592084e+00
4.782350022503045693e+03 1.045821230153997750e+00
4.784909878734977610e+03 1.063872751654420856e+00
4.787469743308741272e+03 1.077795290668470907e+00
4.790029616236668517e+03 1.072999826216477270e+00
4.792589497531306733e+03 1.053421447539011790e+00
4.795149387205415223e+03 1.033619687974635992e+00
4.797709285271971567e+03 1.022735780110393566e+00
4.800269191744165255e+03 1.029477214342464420e+00
4.802829106635400422e+03 1.054908783050695353e+00
4.805389029959295840e+03 1.075617668896829082e+00
4.807948961729685834e+03 1.058292052855336340e+00
4.810508901960618459e+03 1.041978585789266498e+00
4.813068850666355502e+03 1.046613912214713782e+00
4.815628807861373389e+03 1.040211887138641655e+00
4.818188773560365007e+03 1.031227453195277644e+00
4.820748747778236066e+03 1.039589954488243428e+00
4.823308730530105095e+03 1.053633456020787174e+00
4.825868721831308903e+03 1.066302872457185247e+00
4.828428721697396213e+03 1.071887174295928391e+00
4.830988730144130386e+03 1.056305088937400383e+00
4.833548747187489425e+03 1.030866190066862975e+00
4.836108772843666884e+03 1.032406144329976794e+00
4.838668807129070046e+03 1.038103554809869822e+00
4.841228850060319928e+03 1.030470955858913795e+00
4.843788901654252186e+03 1.036239056185548568e+00
4.846348961927918936e+03 1.038239174903808459e+00
4.848909030898584206e+03 1.018830280672660127e+00
4.851469108583727575e+03 1.006849626633525840e+00
4.854029195001044172e+03 1.019723538098035176e+00
4.856589290168441039e+03 1.029435936562774767e+00
4.859149394104041676e+03 1.022223327755017452e+00
4.861709506826184224e+03 1.008772015721817628e+00
4.864269628353419648e+03 9.688368287841465643e-01
4.866829758704514461e+03 9.075624633568669664e-01
4.869389897898450727e+03 8.081562997614838428e-01
4.871950045954422421e+03 7.486957630804239594e-01
4.874510202891839981e+03 8.325904040139113782e-01
4.877070368730327573e+03 9.232201397207572269e-01
4.879630543489724005e+03 9.214398183493923700e-01
4.882190727190082725e+03 9.013836688968520638e-01
4.884750919851671824e+03 9.321122825756061880e-01
4.887311121494972213e+03 9.690969981789593346e-01
4.889871332140681261e+03 9.886589393338218734e-01
4.892431551809710982e+03 9.881392214628649251e-01
4.894991780523186208e+03 9.580237532628395059e-01
4.897552018302446413e+03 9.289357632000422305e-01
4.900112265169047532e+03 9.059225896303014780e-01
4.902672521144757411e+03 9.425327776094946097e-01
4.905232786251560356e+03 1.018809711312425481e+00
4.907793060511654403e+03 1.039064059533834739e+00
4.910353343947451322e+03 1.023483395115133865e+00
4.912913636581578430e+03 1.007091775313261994e+00
4.915473938436877688e+03 1.011666074137045124e+00
4.918034249536404786e+03 1.001395049660997794e+00
4.920594569903429147e+03 9.707034084928788387e-01
4.923154899561435741e+03 9.895623020594522812e-01
4.925715238534126001e+03 1.003373902859329814e+00
4.928275586845411453e+03 9.273201733299796246e-01
4.930835944519420082e+03 8.802194931830402691e-01
4.933396311580497240e+03 9.271241927639317648e-01
4.935956688053197468e+03 9.777688719298287534e-01
4.938517073962294489e+03 1.011254470194861366e+00
4.941077469332773035e+03 1.008285986035150295e+00
4.943637874189833383e+03 9.745379370216257220e-01
4.946198288558893182e+03 9.457260998205788693e-01
4.948758712465579265e+03 9.339618812248210444e-01
4.951319145935736742e+03 9.684767314423432527e-01
4.953879588995424456e+03 1.006291040031429107e+00
4.956440041670915889e+03 1.002750254085479797e+00
4.959000503988696437e+03 1.009033443622888271e+00
4.961560975975469773e+03 1.010165431302150640e+00
4.964121457658153304e+03 9.884088966816055866e-01
4.966681949063875436e+03 9.273125632714300792e-01
4.969242450219982857e+03 9.410455782310213069e-01
4.971802961154035074e+03 1.013892486164880591e+00
4.974363481893807148e+03 1.010156407599782202e+00
4.976924012467286957e+03 9.862336452234748974e-01
4.979484552902678843e+03 9.830620282559400236e-01
4.982045103228399967e+03 1.004719930076329426e+00
4.984605663473082132e+03 1.024885225433874059e+00
4.987166233665572690e+03 1.011451133875516994e+00
4.989726813834932727e+03 9.732066367118038519e-01
4.992287404010437967e+03 9.179439313666717393e-01
4.994848004221577867e+03 9.119444493381934080e-01
4.997408614498057432e+03 9.758623280652262144e-01
4.999969234869796310e+03 9.979324449161434130e-01
5.002529865366926970e+03 9.886259859584226595e-01
5.005090506019798340e+03 9.989394215584693759e-01
5.007651156858973081e+03 9.945079962813839769e-01
5.010211817915227584e+03 9.615656306065134551e-01
5.012772489219552881e+03 9.373724541562113988e-01
5.015333170803155554e+03 9.159589133884489254e-01
5.017893862697455916e+03 9.310378982845941565e-01
5.020454564934088921e+03 9.562151064757951069e-01
5.023015277544904166e+03 9.164899537636039817e-01
5.025576000561964975e+03 9.012155803147414712e-01
5.028136734017550225e+03 9.116669497197310568e-01
5.030697477944151615e+03 9.279217958665042509e-01
5.033258232374477302e+03 9.503127949030608645e-01
5.035818997341448267e+03 9.515149801198788948e-01
5.038379772878201948e+03 9.518102936923049651e-01
5.040940559018087697e+03 9.818354104752254896e-01
5.043501355794671326e+03 9.842455790416227979e-01
5.046062163241732378e+03 9.376970325527969052e-01
5.048622981393265036e+03 8.960665456496812453e-01
5.051183810283477214e+03 8.722896073959809371e-01
5.053744649946793288e+03 9.333994573868360511e-01
5.056305500417849544e+03 9.997104282944410114e-01
5.058866361731498728e+03 9.710566047150055446e-01
5.061427233922806408e+03 9.564662046725457278e-01
5.063988117027054614e+03 9.919747261730281762e-01
5.066549011079738193e+03 1.011533057639876887e+00
5.069109916116566637e+03 1.017617153313047140e+00
5.071670832173464987e+03 1.033462546457771580e+00
5.074231759286571105e+03 1.001284667212147372e+00
5.076792697492240222e+03 9.650193230258339305e-01
5.079353646827038574e+03 9.808357919017373083e-01
5.081914607327747945e+03 9.802331831949298024e-01
5.084475579031366578e+03 9.714433523244805357e-01
5.087036561975105542e+03 9.686843003131124785e-01
5.089597556196389633e+03 9.275665849961755027e-01
5.092158561732859198e+03 9.264196790969422279e-01
5.094719578622369227e+03 9.743071161934966362e-01
5.097280606902987529e+03 1.000845304546722048e+00
5.099841646613000194e+03 1.010259086043369336e+00
5.102402697790903403e+03 1.022945759411616029e+00
5.104963760475409799e+03 1.015210282872888836e+00
5.107524834705447574e+03 9.588211149616190365e-01
5.110085920520155923e+03 9.526720794325471697e-01
5.112647017958893230e+03 1.001400838487513267e+00
5.115208127061228879e+03 1.000348438765985337e+00
5.117769247866947808e+03 9.774879958068947161e-01
5.120330380416049593e+03 9.814756988616484268e-01
5.122891524748747543e+03 1.016921879694044462e+00
5.125452680905470515e+03 1.037568319829075714e+00
5.128013848926861101e+03 1.046940724802423617e+00
5.130575028853776530e+03 1.032591723475272172e+00
5.133136220727288674e+03 9.875719175116767223e-01
5.135697424588683134e+03 9.673406667326936992e-01
5.138258640479461974e+03 9.758254845583426151e-01
5.140819868441339167e+03 9.884390882416137503e-01
5.143381108516245149e+03 1.001188879734125292e+00
5.145942360746323175e+03 9.943133187987029942e-01
5.148503625173932960e+03 9.584067564014345786e-01
5.151064901841646133e+03 9.436740629973981997e-01
5.153626190792251691e+03 9.660226295855508516e-01
5.156187492068750544e+03 9.733390085604279873e-01
5.158748805714360060e+03 9.744045455420730084e-01
5.161310131772510431e+03 9.802383818777367086e-01
5.163871470286847398e+03 9.768532804122354030e-01
5.166432821301230433e+03 9.946179644214812043e-01
5.168994184859735469e+03 1.011990333872526016e+00
5.171555561006649441e+03 9.879585984290601974e-01
5.174116949786477562e+03 9.255582440467535754e-01
5.176678351243935140e+03 8.107547087108954997e-01
5.179239765423957579e+03 7.897827094383789159e-01
5.181801192371688558e+03 7.815051282830244306e-01
5.184362632132491854e+03 8.295566447740486682e-01
5.186924084751941336e+03 9.812445740992622456e-01
5.189485550275828246e+03 9.890306702014437512e-01
5.192047028750156642e+03 8.457248564965765825e-01
5.194608520221146136e+03 7.792799639233233266e-01
5.197170024735230072e+03 9.119079866948672786e-01
5.199731542339056432e+03 9.599493659075408747e-01
5.202293073079488749e+03 9.360899236140808322e-01
5.204854617003602471e+03 9.352941288883434012e-01
5.207416174158690410e+03 9.658752095687730410e-01
5.209977744592257295e+03 1.001969635961697858e+00
5.212539328352024313e+03 9.979937934840806824e-01
5.215100925485927291e+03 9.517885434957353841e-01
5.217662536042113970e+03 9.256762214370548580e-01
5.220224160068949459e+03 9.690696041498516600e-01
5.222785797615010779e+03 1.018476301208233181e+00
5.225347448729092321e+03 9.826918299652162014e-01
5.227909113460200388e+03 9.747273678545430586e-01
5.230470791857556833e+03 1.019377912335986291e+00
5.233032483970599060e+03 1.008074560397858255e+00
5.235594189848975475e+03 9.222754330432731962e-01
5.238155909542553673e+03 9.034620647711887331e-01
5.240717643101411340e+03 9.609019527551077022e-01
5.243279390575844445e+03 9.474668436592376120e-01
5.245841152016359956e+03 9.648830059969956130e-01
5.248402927473682212e+03 1.008915640623501364e+00
5.250964716998747463e+03 1.011513405367825191e+00
5.253526520642710238e+03 1.006555694077535756e+00
5.256088338456934252e+03 1.001816564036107193e+00
5.258650170493001497e+03 9.794474461948086130e-01
5.261212016802707694e+03 9.770372636514329523e-01
5.263773877438063209e+03 9.762450640647195588e-01
5.266335752451291228e+03 9.949912280637590589e-01
5.268897641894832304e+03 1.023132749817713849e+00
5.271459545821337997e+03 9.632708575240763738e-01
5.274021464283677233e+03 8.722560882419302386e-01
5.276583397334931760e+03 8.590009822285702423e-01
5.279145345028398879e+03 8.441349109077347368e-01
5.281707307417589618e+03 8.741091665392376475e-01
5.284269284556230559e+03 9.319173739490720365e-01
5.286831276498260195e+03 9.645537633405367739e-01
5.289393283297833477e+03 9.986804431190520193e-01
5.291955305009321819e+03 9.558666970256042283e-01
5.294517341687305816e+03 9.597826763296992691e-01
5.297079393386585252e+03 1.013964917364804208e+00
5.299641460162172734e+03 1.035739125142505657e+00
5.302203542069295509e+03 1.031720110386377787e+00
5.304765639163393644e+03 1.005349137046901431e+00
5.307327751500124577e+03 9.498344080830026792e-01
5.309889879135358569e+03 9.435181576861090269e-01
5.312452022125180520e+03 9.822995703812685830e-01
5.315014180525889060e+03 1.004511661996417393e+00
5.317576354393999281e+03 1.012005176381736815e+00
5.320138543786238188e+03 1.021297257668084990e+00
5.322700748759549242e+03 1.021860825377531867e+00
5.325262969371091458e+03 9.937776238332021173e-01
5.327825205678233942e+03 9.866301114768515346e-01
5.330387457738564081e+03 9.982480876241502932e-01
5.332949725609883899e+03 9.578891253235806147e-01
5.335512009350206426e+03 9.209431748158491970e-01
5.338074309017762062e+03 8.800567349455865607e-01
5.340636624670995843e+03 9.155425109318752197e-01
5.343198956368565632e+03 9.905806768748786073e-01
5.345761304169344839e+03 1.000562435052267052e+00
5.348323668132421517e+03 9.794822772120982401e-01
5.350886048317095629e+03 9.522614935668335390e-01
5.353448444782887236e+03 9.786192546253503766e-01
5.356010857589523766e+03 9.935510214656511074e-01
5.358573286796952743e+03 9.795667786491184525e-01
5.361135732465334513e+03 9.954599002685802223e-01
5.363698194655042244e+03 1.028440706291722906e+00
5.366260673426665562e+03 1.047536340019929346e+00
5.368823168841006918e+03 1.054324753366052914e+00
5.371385680959085221e+03 1.032252493358128076e+00
5.373948209842133110e+03 9.940392955802295205e-01
5.376510755551596958e+03 9.782186955942734352e-01
5.379073318149136867e+03 9.510680852905669669e-01
5.381635897696629399e+03 9.392466102438850051e-01
5.384198494256165759e+03 1.001494465547148272e+00
5.386761107890049971e+03 1.030241797564577011e+00
5.389323738660800700e+03 1.014836249365662857e+00
5.391886386631153073e+03 9.914581394763718469e-01
5.394449051864052308e+03 9.973399611974657075e-01
5.397011734422663721e+03 1.015817329704016059e+00
5.399574434370364543e+03 9.936781883262918447e-01
5.402137151770744822e+03 9.661743502066207911e-01
5.404699886687610160e+03 9.626412526950679505e-01
5.407262639184982618e+03 9.522682700990504623e-01
5.409825409327097077e+03 9.560494190553443516e-01
5.412388197178402152e+03 9.601789032834966431e-01
5.414951002803562005e+03 9.125303243589985014e-01
5.417513826267455443e+03 9.198063504834651516e-01
5.420076667635174999e+03 9.435288227187679233e-01
5.422639526972027852e+03 9.568749928239778102e-01
5.425202404343535818e+03 9.765607629712522719e-01
5.427765299815435355e+03 9.924890181493132291e-01
5.430328213453678472e+03 9.925506024504880953e-01
5.432891145324428180e+03 9.661095433929419718e-01
5.435454095494065768e+03 9.823145060338911438e-01
5.438017064029184439e+03 9.911406136950307033e-01
5.440580050996593855e+03 9.689863789074565359e-01
5.443143056463316498e+03 9.676321400209673129e-01
5.445706080496590403e+03 9.587799716392207960e-01
5.448269123163867334e+03 1.010098931857169147e+00
5.450832184532813699e+03 1.042136420034462718e+00
5.453395264671310542e+03 1.021378688035790461e+00
5.455958363647454462e+03 9.635360075241812261e-01
5.458521481529553967e+03 9.781303759558033217e-01
5.461084618386134025e+03 1.034206264829677036e+00
5.463647774285934247e+03 1.002112706963861566e+00
5.466210949297907064e+03 9.758544263882511505e-01
5.468774143491221366e+03 1.013778794488422008e+00
5.471337356935258867e+03 9.996432444932695782e-01
5.473900589699616830e+03 9.724285593215957757e-01
5.476463841854105340e+03 9.964914549239649588e-01
5.479027113468751850e+03 1.010207660152299791e+00
5.481590404613795727e+03 1.008073710227907815e+00
5.484153715359691887e+03 9.870665018376666433e-01
5.486717045777109888e+03 9.474903947155968176e-01
5.489280395936932109e+03 9.593930227177315251e-01
5.491843765910258298e+03 9.855395427116939722e-01
5.494407155768400116e+03 1.008770117311087011e+00
5.496970565582885683e+03 1.007826208899451403e+00
5.499533995425455032e+03 1.001896805632948695e+00
5.502097445368065564e+03 1.015258919452254327e+00
5.504660915482887503e+03 1.010558641647519407e+00
5.507224405842304805e+03 1.010760947876706561e+00
5.509787916518918792e+03 1.013643243558418172e+00
5.512351447585541791e+03 1.008626622196699074e+00
5.514914999115202590e+03 1.002720524231272670e+00
5.517478571181145526e+03 1.010405600965337936e+00
5.520042163856825937e+03 1.014846465440422341e+00
5.522605777215917442e+03 9.997981726856725038e-01
5.525169411332304662e+03 1.009001783156878940e+00
5.527733066280089588e+03 1.038008072833902951e+00
5.530296742133587031e+03 1.047202422215480544e+00
5.532860438967327354e+03 1.043301602565630759e+00
5.535424156856053742e+03 1.022374600321506399e+00
5.537987895874724927e+03 9.796663241999697957e-01
5.540551656098515195e+03 1.000520633396032588e+00
5.543115437602811653e+03 1.030826883919503612e+00
5.545679240463216047e+03 1.022008628178005418e+00
5.548243064755545674e+03 1.030631823740158604e+00
5.550806910555831564e+03 1.041476126897674881e+00
5.553370777940317566e+03 1.032472204622825185e+00
5.555934666985465810e+03 1.027822283529027381e+00
5.558498577767950337e+03 1.046331173509818413e+00
5.561062510364659829e+03 1.054245334149579216e+00
5.563626464852697609e+03 1.032079688769551584e+00
5.566190441309380731e+03 1.026159812936488169e+00
5.568754439812243618e+03 1.034873331395746554e+00
5.571318460439031696e+03 1.023299315962063583e+00
5.573882503267706852e+03 1.009219726719705390e+00
5.576446568376444702e+03 1.005863708740932783e+00
5.579010655843634595e+03 1.003675961336788713e+00
5.581574765747883248e+03 9.927438455546879759e-01
5.584138898168008382e+03 9.995898294535612294e-01
5.586703053183045085e+03 1.022010995785398224e+00
5.589267230872239452e+03 1.032551938235500621e+00
5.591831431315055852e+03 1.031548254705902501e+00
5.594395654591171478e+03 1.013497319594932389e+00
5.596959900780476346e+03 9.605078133820718067e-01
5.599524169963078748e+03 9.547790460196438067e-01
5.602088462219297071e+03 9.921786648828153643e-01
5.604652777629667980e+03 1.005167515726014704e+00
5.607217116274940054e+03 1.009928514490093354e+00
5.609781478236077419e+03 9.939812765283982943e-01
5.612345863594258844e+03 9.817845771243225439e-01
5.614910272430877740e+03 1.024559492770047875e+00
5.617474704827540336e+03 1.065479208913768794e+00
5.620039160866068414e+03 1.067335596942818432e+00
5.622603640628499306e+03 1.052707986693486975e+00
5.625168144197084075e+03 9.886815486488191862e-01
5.627732671654287515e+03 9.880881769381091306e-01
5.630297223082788150e+03 1.036931007675687688e+00
5.632861798565482786e+03 1.027914073342055534e+00
5.635426398185478320e+03 1.013822046580062031e+00
5.637991022026097198e+03 1.038980452934038734e+00
5.640555670170879239e+03 1.061009301772009916e+00
5.643120342703576171e+03 1.048748006886356388e+00
5.645685039708153454e+03 1.024980214138106582e+00
5.648249761268793009e+03 1.019534641396216079e+00
5.650814507469889577e+03 1.020094080940033177e+00
5.653379278396054360e+03 1.023328298726300156e+00
5.655944074132111382e+03 1.039594029569072431e+00
5.658508894763100216e+03 1.039578723568431284e+00
5.661073740374273257e+03 1.032789601167393823e+00
5.663638611051098451e+03 1.019794305271001900e+00
5.666203506879259294e+03 9.982566789644452543e-01
5.668768427944651194e+03 9.822392682626360783e-01
5.671333374333386928e+03 9.878523330769277688e-01
5.673898346131792096e+03 1.013026383075618098e+00
5.676463343426406027e+03 1.023998987003329031e+00
5.679028366303984512e+03 1.027755069088091000e+00
5.681593414851497073e+03 1.045343928132161038e+00
5.684158489156126052e+03 1.045290899709749421e+00
5.686723589305271162e+03 1.038134624653485938e+00
5.689288715386544027e+03 1.033496798546957862e+00
5.691853867487771822e+03 1.001185415284441049e+00
5.694419045696996363e+03 9.822566075064810276e-01
5.696984250102475016e+03 9.784337442283934649e-01
5.699549480792677059e+03 9.839359388146000640e-01
5.702114737856287320e+03 1.006077516636048497e+00
5.704680021382205268e+03 1.021503893703714638e+00
5.707245331459545923e+03 1.018313705473403719e+00
5.709810668177638036e+03 9.997868196828303411e-01
5.712376031626023178e+03 1.004990397635483035e+00
5.714941421894459381e+03 1.008456982804801783e+00
5.717506839072918410e+03 9.825145706196163342e-01
5.720072283251586668e+03 9.610408851430704003e-01
5.722637754520865201e+03 9.841487137297755261e-01
5.725203252971369693e+03 1.021073644560658744e+00
5.727768778693929562e+03 1.026703165627782299e+00
5.730334331779588865e+03 1.030813354910238955e+00
5.732899912319606301e+03 1.045241098473996377e+00
5.735465520405456118e+03 1.048528250912372561e+00
5.738031156128824477e+03 1.040930271200206647e+00
5.740596819581614000e+03 1.033570144957158154e+00
5.743162510855941946e+03 1.038626505690533497e+00
5.745728230044140219e+03 1.043231738904567329e+00
5.748293977238751722e+03 1.039885600063883642e+00
5.750859752532538550e+03 1.037567230931997209e+00
5.753425556018475618e+03 1.033398496809296629e+00
5.755991387789750661e+03 1.024711763880564064e+00
5.758557247939767876e+03 1.024347912994445053e+00
5.761123136562144282e+03 1.016741116885814700e+00
5.763689053750713356e+03 9.906439145788158429e-01
5.766254999599522307e+03 1.006482037780554561e+00
5.768820974202832076e+03 1.026480059619161445e+00
5.771386977655117335e+03 1.005146228056933433e+00
5.773953010051070123e+03 1.009254765959141098e+00
5.776519071485594395e+03 1.038982134039895255e+00
5.779085162053810564e+03 1.043639389322018829e+00
5.781651281851050044e+03 1.030283122571063359e+00
5.784217430972863440e+03 1.025390361089854929e+00
5.786783609515012358e+03 1.037309121205316709e+00
5.789349817573473956e+03 1.026538028453173990e+00
5.791916055244440940e+03 1.000730489133978995e+00
5.794482322624317021e+03 9.969270632078416350e-01
5.797048619809726006e+03 1.017009457546638851e+00
5.799614946897499976e+03 1.030471071366088287e+00
5.802181303984691112e+03 1.032334104693412913e+00
5.804747691168561687e+03 1.045524984488039655e+00
5.807314108546590433e+03 1.051436818222719172e+00
5.809880556216471632e+03 1.060499748913743989e+00
5.812447034276110571e+03 1.068395308906053387e+00
5.815013542823631724e+03 1.055163516837871462e+00
5.817580081957368748e+03 1.054763113395673857e+00
5.820146651775874489e+03 1.070850889531604677e+00
5.822713252377913705e+03 1.077459284945034401e+00
5.825279883862466704e+03 1.066402948281323093e+00
5.827846546328726618e+03 1.070632035257985892e+00
5.830413239876103034e+03 1.088892663866239063e+00
5.832979964604219276e+03 1.092246336842772614e+00
5.835546720612913305e+03 1.092937858316739286e+00
5.838113508002236813e+03 1.092397016381034369e+00
5.840680326872456135e+03 1.090808915759014619e+00
5.843247177324052245e+03 1.087275306511257034e+00
5.845814059457722578e+03 1.085362239687676977e+00
5.848380973374375571e+03 1.086115313274187200e+00
5.850947919175136121e+03 1.091664312368920697e+00
5.853514896961343766e+03 1.094755106490634011e+00
5.856081906834551773e+03 1.087038801962254109e+00
5.858648948896527145e+03 1.081948076262966296e+00
5.861216023249253340e+03 1.076199502046009560e+00
5.863783129994928458e+03 1.064760228214397308e+00
5.866350269235961605e+03 1.041637114286978916e+00
5.868917441074980161e+03 1.032859011980710617e+00
5.871484645614823421e+03 1.049060400963059303e+00
5.874051882958547139e+03 1.063670406650971678e+00
5.876619153209419892e+03 1.068208399620349525e+00
5.879186456470926714e+03 1.072463096198381649e+00
5.881753792846765464e+03 1.075748774298203259e+00
5.884321162440847729e+03 1.065810354823471862e+00
5.886888565357301559e+03 1.054739770923575071e+00
5.889456001700468732e+03 1.032356657783018550e+00
5.892023471574905670e+03 9.997540263535180660e-01
5.894590975085381615e+03 9.743649332169316279e-01
5.897158512336883177e+03 9.181559943122694634e-01
5.899726083434609791e+03 8.311939443571929598e-01
5.902293688483974620e+03 8.413869074977607943e-01
5.904861327590607289e+03 8.639094299727269055e-01
5.907429000860349333e+03 8.570852846189267460e-01
5.909996708399259660e+03 9.021791882333367596e-01
5.912564450313609996e+03 9.615088591547811259e-01
5.915132226709885799e+03 9.974264469608720152e-01
5.917700037694788989e+03 9.902714999065750368e-01
5.920267883375235215e+03 9.812005611892409274e-01
5.922835763858352948e+03 9.769576071128247552e-01
5.925403679251487119e+03 9.656390494182121031e-01
5.927971629662197302e+03 9.451022374005131343e-01
5.930539615198255888e+03 9.432960447778739876e-01
5.933107635967651731e+03 9.498300720238368466e-01
5.935675692078584689e+03 9.783148343385449364e-01
5.938243783639474714e+03 1.003166629566811130e+00
5.940811910758950035e+03 9.913052734663270193e-01
5.943380073545858068e+03 9.929319163291047134e-01
5.945948272109258141e+03 1.014742440610359342e+00
5.948516506558425135e+03 1.008882014423629903e+00
5.951084777002848568e+03 9.464800565595771209e-01
5.953653083552231692e+03 9.164539582701595188e-01
5.956221426316491488e+03 9.182670458518528145e-01
5.958789805405762309e+03 9.183328337138206843e-01
5.961358220930389507e+03 9.595800184274658751e-01
5.963926673000934898e+03 9.982742167044822423e-01
5.966495161728174935e+03 9.837633260107546684e-01
5.969063687223100715e+03 9.793669368859255764e-01
5.971632249596914335e+03 1.015042137872902206e+00
5.974200848961037991e+03 1.024665347658920922e+00
5.976769485427104883e+03 9.853618615076503717e-01
5.979338159106962848e+03 9.765334910870668850e-01
5.981906870112673460e+03 1.012157200113655620e+00
5.984475618556516565e+03 1.003431755631666755e+00
5.987044404550981199e+03 9.757277499717444957e-01
5.989613228208776491e+03 9.976056760258349421e-01
5.992182089642819847e+03 1.014647722234054195e+00
5.994750988966248769e+03 9.983712486956369814e-01
5.997319926292411765e+03 9.968567710804550064e-01
5.999888901734873798e+03 1.004189664172692398e+00
6.002457915407411747e+03 1.016069053170546299e+00
6.005026967424020768e+03 1.027456996644734888e+00
6.007596057898907020e+03 1.020617106286155762e+00
6.010165186946493122e+03 1.019061640060068497e+00
6.012734354681415425e+03 1.022124036405089864e+00
6.015303561218524010e+03 1.020706446439819004e+00
6.017872806672885417e+03 1.016046599004472251e+00
6.020442091159779011e+03 1.021614246977060159e+00
6.023011414794698794e+03 1.023202236732481119e+00
6.025580777693354321e+03 1.013857134760902445e+00
6.028150179971669786e+03 1.010800125735093813e+00
6.030719621745780387e+03 1.002986125884703927e+00
6.033289103132039600e+03 1.003749740276419278e+00
6.035858624247015541e+03 1.017052755969965361e+00
6.038428185207487331e+03 1.030065233949777781e+00
6.040997786130450550e+03 1.040134418446282627e+00
6.043567427133117235e+03 1.045571907439880821e+00
6.046137108332912248e+03 1.046912430013602791e+00
6.048706829847471454e+03 1.043154654057626640e+00
6.051276591794651722e+03 1.034990230032789338e+00
6.053846394292520017e+03 1.032549225726652420e+00
6.056416237459357944e+03 1.036235007691915788e+00
6.058986121413663568e+03 1.037593955004427304e+00
6.061556046274148684e+03 1.033170673556667030e+00
6.064126012159737002e+03 1.019681865094075546e+00
6.066696019189572326e+03 1.015826003053486026e+00
6.069266067483005827e+03 1.024826521484278885e+00
6.071836157159610593e+03 1.025301781780017185e+00
6.074406288339167077e+03 1.010979246832963030e+00
6.076976461141676737e+03 1.012530934510292191e+00
6.079546675687350216e+03 1.026679826169760057e+00
6.082116932096615528e+03 1.031445949339645729e+00
6.084687230490113507e+03 1.026765054070495342e+00
6.087257570988702355e+03 1.009403364347597032e+00
6.089827953713450370e+03 1.000729342912836772e+00
6.092398378785645036e+03 1.004686619466205189e+00
6.094968846326783932e+03 1.003125086474751182e+00
6.097539356458582915e+03 1.002275919658258685e+00
6.100109909302968845e+03 1.000854124991487515e+00
6.102680504982085040e+03 1.000949160067877042e+00
6.105251143618291280e+03 1.006486703638602931e+00
6.107821825334157438e+03 1.010197204279038807e+00
6.110392550252469846e+03 9.915513562066545772e-01
6.112963318496231295e+03 9.681428802847341641e-01
6.115534130188654672e+03 9.826293898459950160e-01
6.118104985453172048e+03 1.003585862405752982e+00
6.120675884413427411e+03 1.006770047740722651e+00
6.123246827193279387e+03 1.008155391594885542e+00
6.125817813916799423e+03 1.004962551067033250e+00
6.128388844708279066e+03 9.996951202107721146e-01
6.130959919692217227e+03 9.793910250715734955e-01
6.133531038993332913e+03 9.720194557127559420e-01
6.136102202736555228e+03 9.868583014204039827e-01
6.138673411047031550e+03 9.912421711323025075e-01
6.141244664050122083e+03 9.930317803538183385e-01
6.143815961871401669e+03 9.853186472868213919e-01
6.146387304636657063e+03 9.501243078952029686e-01
6.148958692471895120e+03 9.445679174456363958e-01
6.151530125503330055e+03 9.666078450947951373e-01
6.154101603857398914e+03 9.789128413279707397e-01
6.156673127660746104e+03 9.832533420045023176e-01
6.159244697040232495e+03 9.812269270989724124e-01
6.161816312122936324e+03 9.801757393513041983e-01
6.164387973036145922e+03 9.716264483391480189e-01
6.166959679907367899e+03 9.654896551476550570e-01
6.169531432864319868e+03 9.470209017326803869e-01
6.172103232034937719e+03 9.141504151451405047e-01
6.174675077547368346e+03 9.235017832193610499e-01
6.177246969529975104e+03 9.438378013195826144e-01
6.179818908111334167e+03 9.397140523367674136e-01
6.182390893420239081e+03 9.523204426071217865e-01
6.184962925585695302e+03 9.671604925903436456e-01
6.187535004736922929e+03 9.713030976306458175e-01
6.190107131003358518e+03 9.810889154784140365e-01
6.192679304514651449e+03 9.888921603207491140e-01
6.195251525400663922e+03 9.865069334470558671e-01
6.197823793791476419e+03 9.772286272529048246e-01
6.200396109817382239e+03 9.628488210080462517e-01
6.202968473608887507e+03 9.656702997207408101e-01
6.205540885296715715e+03 9.867726907645952839e-01
6.208113345011802267e+03 9.930392629637619928e-01
6.210685852885299028e+03 9.904398823990222533e-01
6.213258409048570684e+03 9.970097387041729764e-01
6.215831013633198381e+03 1.004678367430641872e+00
6.218403666770974269e+03 1.007129498772197929e+00
6.220976368593908774e+03 1.001109658960095850e+00
6.223549119234226055e+03 9.828128050144038230e-01
6.226121918824363092e+03 9.762844236126966280e-01
6.228694767496970599e+03 9.809469232937828576e-01
6.231267665384917564e+03 9.880987535555293411e-01
6.233840612621284890e+03 9.990362093956904888e-01
6.236413609339368122e+03 9.990078584734007894e-01
6.238986655672676534e+03 9.799938349202895749e-01
6.241559751754935860e+03 9.651363526702696483e-01
6.244132897720084657e+03 9.814030205295855014e-01
6.246706093702277940e+03 9.907221066049838321e-01
6.249279339835880819e+03 9.832785260691717655e-01
6.251852636255478501e+03 9.784928307963609573e-01
6.254425983095867196e+03 9.623840802240530845e-01
6.256999380492059572e+03 9.597422615639368271e-01
6.259572828579279303e+03 9.750762357209237230e-01
6.262146327492968339e+03 9.650704511199013069e-01
6.264719877368782363e+03 9.464114246133948916e-01
6.267293478342588969e+03 9.494686348324019587e-01
6.269867130550472211e+03 9.634827053376577854e-01
6.272440834128732604e+03 9.771987730422442286e-01
6.275014589213880754e+03 9.791095777130413014e-01
6.277588395942644638e+03 9.770310055911446412e-01
6.280162254451966874e+03 9.760063268941094883e-01
6.282736164879002899e+03 9.736369419168835471e-01
6.285310127361122795e+03 9.409979219485633539e-01
6.287884142035913101e+03 8.797644897457972402e-01
6.290458209041173177e+03 8.721584118230998328e-01
6.293032328514917026e+03 9.193369350093869574e-01
6.295606500595373291e+03 9.559013795012205605e-01
6.298180725420984345e+03 9.638115832560358864e-01
6.300755003130409023e+03 9.528014562734887782e-01
6.303329333862518979e+03 9.492978592845869867e-01
6.305903717756400511e+03 9.499041046080822781e-01
6.308478154951353645e+03 9.438798992921400011e-01
6.311052645586895778e+03 9.385922928364149875e-01
6.313627189802756220e+03 9.551372348447734195e-01
6.316201787738878920e+03 9.834450990869116893e-01
6.318776439535423378e+03 9.919423004851061210e-01
6.321351145332762826e+03 9.871928725126083437e-01
6.323925905271484226e+03 9.704544232276768323e-01
6.326500719492390999e+03 9.470439383388863375e-01
6.329075588136500301e+03 9.482345255183503019e-01
6.331650511345042105e+03 9.713830169601819220e-01
6.334225489259462847e+03 9.951781154189816014e-01
6.336800522021421784e+03 1.010933925954619728e+00
6.339375609772796452e+03 1.013304681023853737e+00
6.341950752655672659e+03 1.011103905606654862e+00
6.344525950812356314e+03 1.000020556126768323e+00
6.347101204385363417e+03 9.890626949168386250e-01
6.349676513517429157e+03 9.989665270948491216e-01
6.352251878351498817e+03 1.005462013122166764e+00
6.354827299030734139e+03 1.004109873099568562e+00
6.357402775698512414e+03 1.012848468098715982e+00
6.359978308498421939e+03 1.024423186139020281e+00
6.362553897574270195e+03 1.026229876189796775e+00
6.365129543070074760e+03 1.019876172482051757e+00
6.367705245130069670e+03 1.009362037288116909e+00
6.370281003898704512e+03 9.970833728337069601e-01
6.372856819520640784e+03 9.969787205885316528e-01
6.375432692140757354e+03 1.013634920704016729e+00
6.378008621904145002e+03 1.024992285138727866e+00
6.380584608956110060e+03 1.023848247551432555e+00
6.383160653442173498e+03 1.029344140373032124e+00
6.385736755508070019e+03 1.036983084292840696e+00
6.388312915299749875e+03 1.033066638216327160e+00
6.390889132963377961e+03 1.028336885721327532e+00
6.393465408645331991e+03 1.030422486826047646e+00
6.396041742492205231e+03 1.036902897386847044e+00
6.398618134650804677e+03 1.041971556816165156e+00
6.401194585268152878e+03 1.030382969890286438e+00
6.403771094491487929e+03 1.017785758439616828e+00
6.406347662468258932e+03 1.023041661855041529e+00
6.408924289346132355e+03 1.011639216520614726e+00
6.411500975272987489e+03 1.010650435532371993e+00
6.414077720396919176e+03 1.032304067252018287e+00
6.416654524866236898e+03 1.026303267639611327e+00
6.419231388829462048e+03 1.011596339092085683e+00
6.421808312435334301e+03 1.015717207145532708e+00
6.424385295832807060e+03 1.024637250713294145e+00
6.426962339171044732e+03 1.030220228897685608e+00
6.429539442599429094e+03 1.021462269260480671e+00
6.432116606267557472e+03 1.025248475994506414e+00
6.434693830325239105e+03 1.045493143762933341e+00
6.437271114922497873e+03 1.053034577946446282e+00
6.439848460209575023e+03 1.038218184046911574e+00
6.442425866336921899e+03 1.028428707808586529e+00
6.445003333455208121e+03 1.039891679664943336e+00
6.447580861715317042e+03 1.033580022554924760e+00
6.450158451268343924e+03 1.025766592554173906e+00
6.452736102265601403e+03 1.043481570657255997e+00
6.455313814858614933e+03 1.051732041033300424e+00
6.457891589199125519e+03 1.031638547254119409e+00
6.460469425439087900e+03 1.016960633608597009e+00
6.463047323730672360e+03 1.019311103708564925e+00
6.465625284226261101e+03 1.012836864181541285e+00
6.468203307078453690e+03 1.000664585081934232e+00
6.470781392440063428e+03 9.820387146034406101e-01
6.473359540464116435e+03 9.654752503824713949e-01
6.475937751303856203e+03 9.714338624104374986e-01
6.478516025112738134e+03 9.687576219701620195e-01
6.481094362044432273e+03 9.525853206963721398e-01
6.483672762252825123e+03 9.284631402397011124e-01
6.486251225892016919e+03 9.175623061970678007e-01
6.488829753116318898e+03 9.374083379168149932e-01
6.491408344080264214e+03 9.358875382492097827e-01
6.493986998938591569e+03 9.248299411838334372e-01
6.496565717846261578e+03 9.489742657687242344e-01
6.499144500958444041e+03 9.664146083877713789e-01
6.501723348430528858e+03 9.350303170878935255e-01
6.504302260418114201e+03 8.879531270344982463e-01
6.506881237077016522e+03 8.994870313660735528e-01
6.509460278563266002e+03 9.625425034549648373e-01
6.512039385033106555e+03 1.001429294635899581e+00
6.514618556642997646e+03 1.014638602384343891e+00
6.517197793549613380e+03 1.018134360236017999e+00
6.519777095909839773e+03 1.010828181995617747e+00
6.522356463880782030e+03 9.830491142863851950e-01
6.524935897619753632e+03 9.147771883650820390e-01
6.527515397284288156e+03 8.818418304944959374e-01
6.530094963032131091e+03 9.349355489447669365e-01
6.532674595021242567e+03 9.803489823697287830e-01
6.535254293409796446e+03 9.931602711678448880e-01
6.537834058356183959e+03 1.009504480270363214e+00
6.540413890019006431e+03 1.003773645140169535e+00
6.542993788557083462e+03 9.790534316971247764e-01
6.545573754129447479e+03 9.829391202926167637e-01
6.548153786895346457e+03 1.008130906736201426e+00
6.550733887014241191e+03 1.004940293130137885e+00
6.553314054645807119e+03 9.698064856677304224e-01
6.555894289949934318e+03 9.448258245333722716e-01
6.558474593086730238e+03 9.473097278490660855e-01
6.561054964216513326e+03 9.492765100731263006e-01
6.563635403499816675e+03 9.314254878896001122e-01
6.566215911097388016e+03 9.104615108920826039e-01
6.568796487170193359e+03 8.717398378543212978e-01
6.571377131879407898e+03 7.471576465656314392e-01
6.573957845386423287e+03 7.045209191779793212e-01
6.576538627852846730e+03 8.321665197915532053e-01
6.579119479440499163e+03 9.151599626744332250e-01
6.581700400311415251e+03 9.228505977968756158e-01
6.584281390627844303e+03 9.320228655861851896e-01
6.586862450552252994e+03 9.670846956636026670e-01
6.589443580247316277e+03 9.923066337534274250e-01
6.592024779875931017e+03 9.854123176813870399e-01
6.594606049601202358e+03 9.767652125889401127e-01
6.597187389586453719e+03 9.783116413977033243e-01
6.599768799995221343e+03 9.939136894711995129e-01
6.602350280991257023e+03 9.800230183082816460e-01
6.604931832738524463e+03 9.732453067433578520e-01
6.607513455401205647e+03 9.889147427228652809e-01
6.610095149143693561e+03 9.967059096511109439e-01
6.612676914130597652e+03 1.003089887312949902e+00
6.615258750526742006e+03 1.004803114773209050e+00
6.617840658497165350e+03 1.001711525315609697e+00
6.620422638207117416e+03 1.002906422162299638e+00
6.623004689822068030e+03 1.010549094953401728e+00
6.625586813507696206e+03 1.017447467839882602e+00
6.628169009429898324e+03 1.020877116942074947e+00
6.630751277754785406e+03 1.019897722445010757e+00
6.633333618648682204e+03 1.017685086677308837e+00
6.635916032278128114e+03 1.011460525175660985e+00
6.638498518809874440e+03 1.007892900392043156e+00
6.641081078410892587e+03 1.000299035705781048e+00
6.643663711248364052e+03 9.838872850811185566e-01
6.646246417489686792e+03 9.910801012793554188e-01
6.648829197302470675e+03 1.005795716628429259e+00
6.651412050854542940e+03 9.994321453118981680e-01
6.653994978313943648e+03 9.931697176364129298e-01
6.656577979848928408e+03 1.002032640631333571e+00
6.659161055627966562e+03 1.012573445307364928e+00
6.661744205819742092e+03 1.013789901504599689e+00
6.664327430593153622e+03 1.012296576203387088e+00
6.666910730117313506e+03 1.013036016258253902e+00
6.669494104561548738e+03 1.009219923804572705e+00
6.672077554095403684e+03 9.942276558386704544e-01
6.674661078888631891e+03 9.895915079434224326e-01
6.677244679111205187e+03 1.000915199779672360e+00
6.679828354933310038e+03 1.007972859336959903e+00
6.682412106525343916e+03 1.010191371434719265e+00
6.684995934057923478e+03 1.005531901892614988e+00
6.687579837701876386e+03 9.898276091883655425e-01
6.690163817628245852e+03 9.935923131577150125e-01
6.692747874008289727e+03 1.011206513880417601e+00
6.695332007013479597e+03 1.015626870844601237e+00
6.697916216815502594e+03 1.016405866595077923e+00
6.700500503586260493e+03 1.016632629581679881e+00
6.703084867497867890e+03 1.015225621439598713e+00
6.705669308722654023e+03 1.006888558557857083e+00
6.708253827433165497e+03 1.003191804465866088e+00
6.710838423802160833e+03 1.010004334555720140e+00
6.713423098002613187e+03 1.005715450507320474e+00
6.716007850207710362e+03 1.003905734653470994e+00
6.718592680590853888e+03 1.010483238249411109e+00
6.721177589325661756e+03 1.008799201173316895e+00
6.723762576585966599e+03 1.000581010706227181e+00
6.726347642545812050e+03 9.871126099823948064e-01
6.728932787379459114e+03 9.857971441508209809e-01
6.731518011261381616e+03 9.980625321527071270e-01
6.734103314366271661e+03 1.004036367208207992e+00
6.736688696869031446e+03 1.004166268559349762e+00
6.739274158944777810e+03 1.007435856295365140e+00
6.741859700768845869e+03 1.009324918323292630e+00
6.744445322516781744e+03 1.007606634203600748e+00
6.747031024364346194e+03 1.005111452507275072e+00
6.749616806487516442e+03 1.003183218514447583e+00
6.752202669062483437e+03 1.002712718309024975e+00
6.754788612265650954e+03 1.003362200348622890e+00
6.757374636273640135e+03 1.000167125092717102e+00
6.759960741263283126e+03 9.917898557231463741e-01
6.762546927411629440e+03 9.939022635054626242e-01
6.765133194895942324e+03 1.000260491350563719e+00
6.767719543893699665e+03 1.003187404290866391e+00
6.770305974582591261e+03 1.006963217868906968e+00
6.772892487140525191e+03 1.008264887870001125e+00
6.775479081745623262e+03 1.002255820254113639e+00
6.778065758576218286e+03 9.925458813447682882e-01
6.780652517810861355e+03 9.922519920964830709e-01
6.783239359628318198e+03 9.973112734710739558e-01
6.785826284207564640e+03 1.005337662107970376e+00
6.788413291727795695e+03 1.007973825709096438e+00
6.791000382368419196e+03 1.004702205565222828e+00
6.793587556309056708e+03 9.964317059212459693e-01
6.796174813729545349e+03 9.946386060881315938e-01
6.798762154809935964e+03 1.001465726826945124e+00
6.801349579730494952e+03 1.005623630830263071e+00
6.803937088671701531e+03 1.001027266500295720e+00
6.806524681814249561e+03 9.981851035763683599e-01
6.809112359339050272e+03 1.001279270157156009e+00
6.811700121427225895e+03 1.004121043124444945e+00
6.814287968260112393e+03 1.001582275611213602e+00
6.816875900019265828e+03 1.000173655855446153e+00
6.819463916886452353e+03 1.001538473303461352e+00
6.822052019043650944e+03 1.003163111013474218e+00
6.824640206673059765e+03 1.007931050452253841e+00
6.827228479957088894e+03 1.011044887699847683e+00
6.829816839078362136e+03 1.008868151760583531e+00
6.832405284219719761e+03 1.010089043330522518e+00
6.834993815564215765e+03 1.014480451818434492e+00
6.837582433295117880e+03 1.006475344231097857e+00
6.840171137595908476e+03 1.007472993208484713e+00
6.842759928650284564e+03 1.016368732796461449e+00
6.845348806642159616e+03 1.015694802571398103e+00
6.847937771755658105e+03 1.002553662301322257e+00
6.850526824175120055e+03 9.810201344245002009e-01
6.853115964085103769e+03 9.791439944134792128e-01
6.855705191670374916e+03 1.003056938826796474e+00
6.858294507115919259e+03 1.018643601920748321e+00
6.860883910606937206e+03 1.021050755271223132e+00
6.863473402328838347e+03 1.010678438504816423e+00
6.866062982467252368e+03 9.969382494727346833e-01
6.868652651208019961e+03 1.001210160602475030e+00
6.871242408737198275e+03 1.005341028140406268e+00
6.873832255241059102e+03 9.977587610797604700e-01
6.876422190906087053e+03 8.420262273926993890e-01
6.879012215918979564e+03 5.877483449574734120e-01
6.881602330466655076e+03 5.407317250197340996e-01
6.884192534736240304e+03 6.134573165580676779e-01
6.886782828915078426e+03 6.989115859197225777e-01
6.889373213190727256e+03 8.098755427565795806e-01
6.891963687750958343e+03 9.022066716372018069e-01
6.894554252783760603e+03 8.785377265851589401e-01
6.897144908477333956e+03 8.149335127466765805e-01
6.899735655020092963e+03 8.019851195730091087e-01
6.902326492600668644e+03 8.009409481343716664e-01
6.904917421407906659e+03 8.058088822795252959e-01
6.907508441630864581e+03 8.321570975545851123e-01
6.910099553458816445e+03 8.452898157874536578e-01
6.912690757081250013e+03 8.529178305565298102e-01
6.915282052687867690e+03 8.728476625444659964e-01
6.917873440468587432e+03 8.833995980228281919e-01
6.920464920613540016e+03 9.064559962546846483e-01
6.923056493313069950e+03 9.045046572171644428e-01
6.925648158757740930e+03 9.006165128794421104e-01
6.928239917138324927e+03 9.206125110657261690e-01
6.930831768645812190e+03 9.266011345891054241e-01
6.933423713471406700e+03 8.986502493966519456e-01
6.936015751806526168e+03 8.946241929948670624e-01
6.938607883842803858e+03 8.756795273765560772e-01
6.941200109772087671e+03 8.366128135104856645e-01
6.943792429786439243e+03 8.667728322190262347e-01
6.946384844078133028e+03 8.916293484148751780e-01
6.948977352839659943e+03 8.373513140294748247e-01
6.951569956263727363e+03 7.865680281153705211e-01
6.954162654543251847e+03 8.641318764439973599e-01
6.956755447871370961e+03 8.995081839668626067e-01
6.959348336441429637e+03 8.776894240180214135e-01
6.961941320446994723e+03 9.128647212344707107e-01
6.964534400081839522e+03 9.143707335133044456e-01
6.967127575539959253e+03 9.011171083035182106e-01
6.969720847015558320e+03 9.055118640504025151e-01
6.972314214703059406e+03 9.414311236721610854e-01
6.974907678797097105e+03 1.001083588201479913e+00
6.977501239492520654e+03 1.042237265610904684e+00
6.980094896984395746e+03 1.038298021093455592e+00
6.982688651467999989e+03 1.026021079834534389e+00
6.985282503138826542e+03 1.029364602937091755e+00
6.987876452192584111e+03 9.859603665015092000e-01
6.990470498825196046e+03 9.874807109266126037e-01
6.993064643232795788e+03 1.018682402180747015e+00
6.995658885611736878e+03 9.792655308448825480e-01
6.998253226158583857e+03 9.094608223069446939e-01
7.000847665070118637e+03 9.150889123427475846e-01
7.003442202543334133e+03 9.247583232831575462e-01
7.006036838775440629e+03 9.579086043886873014e-01
7.008631573963860319e+03 9.494635001226717774e-01
7.011226408306231860e+03 9.489437235631970058e-01
7.013821342000408549e+03 9.187570106251825575e-01
7.016416375244456503e+03 8.802034490260255417e-01
7.019011508236656482e+03 9.453600631072287541e-01
7.021606741175506613e+03 9.575064664514526536e-01
7.024202074259715118e+03 9.487094483225128050e-01
7.026797507688208498e+03 9.037431329190328544e-01
7.029393041660125164e+03 9.479656799855215032e-01
7.031988676374818169e+03 9.595741691922471395e-01
7.034584412031857937e+03 9.279815522556252860e-01
7.037180248831025892e+03 9.057824707959352128e-01
7.039776186972319010e+03 9.652842472992354539e-01
7.042372226655950726e+03 1.064218920483529729e+00
7.044968368082344568e+03 1.059535576669276669e+00
7.047564611452144163e+03 9.817481938298671107e-01
7.050160956966202320e+03 9.585426265882664998e-01
7.052757404825590129e+03 1.029190954167173100e+00
7.055353955231590589e+03 1.058293602384408949e+00
7.057950608385703163e+03 1.049287292153738393e+00
7.060547364489641041e+03 1.004605140708319855e+00
7.063144223745330237e+03 9.815354278088195272e-01
7.065741186354914134e+03 1.017630639061698483e+00
7.068338252520748938e+03 1.024689449369602601e+00
7.070935422445405493e+03 1.031041301953565137e+00
7.073532696331669285e+03 1.033643512224311944e+00
7.076130074382541352e+03 1.030958197544551869e+00
7.078727556801232822e+03 1.053054409565553184e+00
7.081325143791175833e+03 1.071413392172337886e+00
7.083922835556012615e+03 1.070759107492088136e+00
7.086520632299600038e+03 1.064348711775332301e+00
7.089118534226012343e+03 1.045989086598744233e+00
7.091716541539533864e+03 1.074821623218284339e+00
7.094314654444668122e+03 1.091527075006512026e+00
7.096912873146129641e+03 1.073802753872473259e+00
7.099511197848848497e+03 1.067119374094956497e+00
7.102109628757969404e+03 1.085849336612211280e+00
7.104708166078851718e+03 1.096234880724273886e+00
7.107306810017069438e+03 1.093019183559529983e+00
7.109905560778409381e+03 1.092664087476121759e+00
7.112504418568874826e+03 1.102632567496258265e+00
7.115103383594683692e+03 1.107512492412521699e+00
7.117702456062265810e+03 1.104334997367663274e+00
7.120301636178268382e+03 1.105497724494568734e+00
7.122900924149550519e+03 1.113613952548209163e+00
7.125500320183187796e+03 1.127750077136550955e+00
7.128099824486471334e+03 1.120742278051001684e+00
7.130699437266902351e+03 1.114113298470386093e+00
7.133299158732200340e+03 1.121568942756392406e+00
7.135898989090298528e+03 1.135355177322582065e+00
7.138498928549342963e+03 1.109035089248752159e+00
7.141098977317697063e+03 1.090133054223119569e+00
7.143699135603936156e+03 1.116710954574452463e+00
7.146299403616850213e+03 1.134635223883508903e+00
7.148899781565445664e+03 1.130680194905673730e+00
7.151500269658940852e+03 1.123481317542060376e+00
7.154100868106771486e+03 1.112349330489315946e+00
7.156701577118585192e+03 1.081226653569156149e+00
7.159302396904245143e+03 1.043018575466016618e+00
7.161903327673829153e+03 1.062223216340347998e+00
7.164504369637628770e+03 1.096007764887130698e+00
7.167105523006151998e+03 1.083459080758524706e+00
7.169706787990116936e+03 1.066138794104725562e+00
7.172308164800461782e+03 1.027913267705900191e+00
7.174909653648335734e+03 9.164960098560782642e-01
7.177511254745100814e+03 8.016021548639454819e-01
7.180112968302340050e+03 7.469621332577770501e-01
7.182714794531843836e+03 6.939715398111457878e-01
7.185316733645621753e+03 6.864540411587470858e-01
7.187918785855894384e+03 7.120332666671888022e-01
7.190520951375099685e+03 7.618562414533676108e-01
7.193123230415888429e+03 7.520993114587921635e-01
7.195725623191126033e+03 6.287622326453928823e-01
7.198328129913892553e+03 6.550076609113112402e-01
7.200930750797484507e+03 7.287007826111230324e-01
7.203533486055409412e+03 6.433360814627542279e-01
7.206136335901390339e+03 6.694202038081280559e-01
7.208739300549368636e+03 6.824904258109696364e-01
7.211342380213492106e+03 6.450856701578863150e-01
7.213945575108131379e+03 6.639259600980115250e-01
7.216548885447866269e+03 7.213382042200384703e-01
7.219152311447493048e+03 8.348602878641475655e-01
7.221755853322021721e+03 9.546887357931572726e-01
7.224359511286679663e+03 1.019547566221643331e+00
7.226963285556903429e+03 9.836631986749403422e-01
7.229567176348347857e+03 9.999561212960822454e-01
7.232171183876882424e+03 1.025770557679075656e+00
7.234775308358587608e+03 9.889109672797403716e-01
7.237379550009763079e+03 9.645643154419792920e-01
7.239983909046919507e+03 9.431782034585826091e-01
7.242588385686782203e+03 8.121103465892405282e-01
7.245192980146294758e+03 6.816113096269147409e-01
7.247797692642609036e+03 7.896450774146842599e-01
7.250402523393097908e+03 8.138194930905625624e-01
7.253007472615343431e+03 7.637125889495406383e-01
7.255612540527143210e+03 7.767205717094232131e-01
7.258217727346513129e+03 8.196536286862659004e-01
7.260823033291679167e+03 8.070240401724162460e-01
7.263428458581083760e+03 7.281179989041576261e-01
7.266034003433383987e+03 7.997963390672270245e-01
7.268639668067448838e+03 8.459758864726903971e-01
7.271245452702366492e+03 8.023319669421588030e-01
7.273851357557435222e+03 7.571461455500330118e-01
7.276457382852169758e+03 7.983024316146601906e-01
7.279063528806298564e+03 8.949343844494277445e-01
7.281669795639766562e+03 8.790967929925125324e-01
7.284276183572729678e+03 7.880023536455319499e-01
7.286882692825562117e+03 6.657456201356172221e-01
7.289489323618849085e+03 7.203998058639592417e-01
7.292096076173391339e+03 8.775368976299935397e-01
7.294702950710207006e+03 9.546108401958470768e-01
7.297309947450525215e+03 8.955390955207032100e-01
7.299917066615789736e+03 7.427742456230391754e-01
7.302524308427660799e+03 7.002691581739487470e-01
7.305131673108011455e+03 7.804920678093540953e-01
7.307739160878931216e+03 8.941206444548861487e-01
7.310346771962720595e+03 8.856050248995717133e-01
7.312954506581898386e+03 7.765849668265553118e-01
7.315562364959194383e+03 7.926579540620581898e-01
7.318170347317555752e+03 8.550037945398065720e-01
7.320778453880142479e+03 8.061523320369753387e-01
7.323386684870331010e+03 8.165136503590919581e-01
7.325995040511708794e+03 8.512975364120873856e-01
7.328603521028080650e+03 8.397616817464428340e-01
7.331212126643466036e+03 9.264714300435727967e-01
7.333820857582095414e+03 1.012188090224314108e+00
7.336429714068417525e+03 9.895551708131141710e-01
7.339038696327093930e+03 9.804714714350987181e-01
7.341647804583000834e+03 9.834787578310330014e-01
7.344257039061230898e+03 9.677951058499540959e-01
7.346866399987085970e+03 1.017889356611213936e+00
7.349475887586087993e+03 1.082829333416401862e+00
7.352085502083969914e+03 1.075905535312070338e+00
7.354695243706682049e+03 1.032366403713865122e+00
7.357305112680386628e+03 1.009533686243089479e+00
7.359915109231460519e+03 9.928254774541914740e-01
7.362525233586497052e+03 9.967188506256958735e-01
7.365135485972301467e+03 1.012574601817837650e+00
7.367745866615895466e+03 9.997564380200609779e-01
7.370356375744515390e+03 9.833573997328949323e-01
7.372967013585610403e+03 9.665166063052363921e-01
7.375577780366844308e+03 9.734969796807310116e-01
7.378188676316096462e+03 9.834942147128493684e-01
7.380799701661460858e+03 9.920472866578595728e-01
7.383410856631246133e+03 1.019261060948669195e+00
7.386022141453971926e+03 1.043221135385962173e+00
7.388633556358377973e+03 1.039349394113769698e+00
7.391245101573413194e+03 1.019669971885668547e+00
7.393856777328244789e+03 9.947044987545784478e-01
7.396468583852252777e+03 9.942589938188830523e-01
7.399080521375031822e+03 9.968025987195151538e-01
7.401692590126391224e+03 9.843374790412905417e-01
7.404304790336354927e+03 9.988341284784724161e-01
7.406917122235158786e+03 1.011201926386612104e+00
7.409529586053258754e+03 1.018574925598070280e+00
7.412142182021319968e+03 1.038723440871510251e+00
7.414754910370224025e+03 1.041514321856433334e+00
7.417367771331068070e+03 1.028048088471273047e+00
7.419980765135162073e+03 1.004133441094499757e+00
7.422593892014030644e+03 1.001786673049992249e+00
7.425207152199413031e+03 1.008395730675254010e+00
7.427820545923264945e+03 1.011880906311709793e+00
7.430434073417751279e+03 1.017040837140078313e+00
7.433047734915258843e+03 1.004767400783565412e+00
7.435661530648383632e+03 1.000790779444654888e+00
7.438275460849935371e+03 1.020973412734412111e+00
7.440889525752943882e+03 1.032681612880734345e+00
7.443503725590647264e+03 1.031823336571113359e+00
7.446118060596501891e+03 1.027604727100819737e+00
7.448732531004177872e+03 1.019622661184426127e+00
7.451347137047558135e+03 1.006315002371165113e+00
7.453961878960742979e+03 9.949782357667616983e-01
7.456576756978043704e+03 9.906473810261490209e-01
7.459191771333989891e+03 9.908548690563984129e-01
7.461806922263322122e+03 9.970478273438252437e-01
7.464422210000996529e+03 9.962346767722385366e-01
7.467037634782186615e+03 9.920037999701036835e-01
7.469653196842275975e+03 9.847761550023637067e-01
7.472268896416865573e+03 9.722949312978370617e-01
7.474884733741768287e+03 9.659661215329843342e-01
7.477500709053016180e+03 9.698613453420630304e-01
7.480116822586848684e+03 9.666809817338609667e-01
7.482733074579726235e+03 9.607144535352295511e-01
7.485349465268321183e+03 9.523797166361347433e-01
7.487965994889519607e+03 9.449029466797771448e-01
7.490582663680423138e+03 9.394157499961112157e-01
7.493199471878348049e+03 9.343010854174518265e-01
7.495816419720822523e+03 9.288739316670538981e-01
7.498433507445594842e+03 9.223195683041657267e-01
7.501050735290621560e+03 9.117306501338163782e-01
7.503668103494077513e+03 1.032358382333055380e-01
