# Wavelength (A) 	 Flux
3.928281754192735661e+03 1.351436609107363329e+05
3.930845266557913874e+03 1.283324394885117217e+05
3.933408756126844310e+03 1.337847248986784834e+05
3.935972222961414900e+03 1.240226627996788011e+05
3.938535667123565418e+03 1.216250344580017554e+05
3.941099088675283383e+03 1.187922821031770436e+05
3.943662487678607249e+03 1.207911330613344180e+05
3.946225864195624126e+03 1.283129930144780228e+05
3.948789218288472057e+03 1.289475022940437339e+05
3.951352550019337741e+03 1.289112808197874110e+05
3.953915859450458356e+03 1.281935892332277290e+05
3.956479146644120192e+03 1.482145520860915130e+05
3.959042411662659106e+03 1.456043587728368293e+05
3.961605654568461432e+03 1.324171094436396961e+05
3.964168875423962618e+03 1.264479175261638593e+05
3.966732074291648132e+03 1.229868446157994331e+05
3.969295251234052557e+03 1.275584163007814641e+05
3.971858406313761407e+03 1.195041136151888495e+05
3.974421539593407942e+03 1.099000249364432093e+05
3.976984651135677268e+03 1.213753277517690294e+05
3.979547741003303145e+03 1.745162073003436381e+05
3.982110809259067992e+03 1.640238577893975016e+05
3.984673855965806524e+03 1.006876063197425538e+05
3.987236881186400296e+03 1.035293357826115389e+05
3.989799884983782704e+03 8.923486275342055887e+04
3.992362867420935800e+03 8.971315680117908050e+04
3.994925828560892114e+03 9.159588669843773823e+04
3.997488768466732381e+03 8.669069328495918307e+04
4.000051687201588720e+03 9.471357760158355813e+04
4.002614584828641910e+03 9.593049557100520178e+04
4.005177461411123204e+03 1.001112995792428410e+05
4.007740317012312516e+03 8.707275708289047179e+04
4.010303151695540691e+03 8.781757084149002912e+04
4.012865965524186777e+03 8.521350622493760602e+04
4.015428758561681207e+03 8.541216082148943678e+04
4.017991530871503073e+03 8.409881162095663603e+04
4.020554282517181036e+03 8.918869388556058402e+04
4.023117013562294233e+03 9.405098618052512757e+04
4.025679724070470911e+03 7.797690839046114706e+04
4.028242414105389344e+03 8.155132095836279041e+04
4.030805083730776914e+03 9.122243290048901690e+04
4.033367733010411939e+03 8.767735899575693475e+04
4.035930362008120483e+03 9.324189109879291209e+04
4.038492970787780450e+03 9.095887137169131893e+04
4.041055559413317951e+03 9.469984490735152212e+04
4.043618127948709571e+03 8.593520200385744101e+04
4.046180676457981008e+03 9.153356383841943170e+04
4.048743205005208438e+03 8.809665829593899252e+04
4.051305713654516694e+03 9.890318478409085947e+04
4.053868202470081542e+03 1.031246335686068924e+05
4.056430671516127404e+03 9.233377456668589730e+04
4.058993120856928726e+03 9.221406691258966748e+04
4.061555550556809976e+03 9.517861205502093071e+04
4.064117960680145188e+03 9.710293644428275002e+04
4.066680351291357056e+03 9.476712837859059800e+04
4.069242722454920113e+03 8.723431651885306928e+04
4.071805074235357097e+03 9.053882738802689710e+04
4.074367406697239858e+03 9.557585961263283389e+04
4.076929719905192087e+03 9.150879995062496164e+04
4.079492013923884770e+03 9.741894067433873715e+04
4.082054288818040732e+03 9.665928401358620613e+04
4.084616544652430548e+03 7.984369255226703535e+04
4.087178781491876180e+03 8.082748788354240241e+04
4.089740999401248246e+03 7.473379471479143831e+04
4.092303198445467388e+03 7.616125402894115541e+04
4.094865378689503814e+03 8.059269174516931525e+04
4.097427540198377756e+03 7.690342497621009534e+04
4.099989683037159011e+03 7.579866829697918729e+04
4.102551807270966492e+03 6.872676467512873933e+04
4.105113912964970041e+03 7.415183672964347352e+04
4.107676000184388613e+03 7.545308996968269639e+04
4.110238068994489367e+03 1.281734092383109673e+05
4.112800119460591304e+03 2.338446256259201036e+05
4.115362151648063445e+03 1.774399477979315852e+05
4.117924165622321198e+03 8.656346112018552958e+04
4.120486161448833627e+03 8.716993001988762990e+04
4.123048139193118004e+03 9.171740899174509104e+04
4.125610098920739802e+03 1.063707266699809552e+05
4.128172040697315424e+03 1.134336808913306013e+05
4.130733964588512208e+03 1.331946000058059581e+05
4.133295870660044784e+03 1.406896969672544219e+05
4.135857758977679623e+03 1.134692898621713684e+05
4.138419629607231400e+03 7.092864429408904107e+04
4.140981482614565721e+03 5.802330047146453580e+04
4.143543318065596395e+03 5.672487867815709615e+04
4.146105136026288164e+03 5.207450736625197897e+04
4.148666936562654882e+03 5.382546377514499181e+04
4.151228719740759516e+03 5.471147631296196050e+04
4.153790485626717782e+03 5.576017977680287004e+04
4.156352234286689963e+03 5.308396460775275045e+04
4.158913965786890913e+03 6.040960215616649657e+04
4.161475680193582775e+03 5.805608078193495749e+04
4.164037377573077720e+03 5.766145617967912403e+04
4.166599057991737027e+03 6.657273989859172434e+04
4.169160721515973819e+03 6.392579037946463359e+04
4.171722368212247602e+03 7.029500444120075554e+04
4.174283998147070633e+03 7.319035299873909389e+04
4.176845611387002464e+03 7.339151372124715999e+04
4.179407207998655394e+03 6.871771887722547399e+04
4.181968788048688111e+03 7.805811141067575954e+04
4.184530351603811141e+03 8.249369425543694524e+04
4.187091898730783214e+03 9.516081471451447578e+04
4.189653429496413992e+03 9.665107780293574615e+04
4.192214943967563158e+03 9.213850568430162093e+04
4.194776442211138601e+03 8.503418091510374506e+04
4.197337924294099139e+03 8.061061390866759757e+04
4.199899390283451794e+03 8.404096851581662486e+04
4.202460840246255430e+03 7.700967101445511798e+04
4.205022274249616203e+03 8.060450636851256422e+04
4.207583692360693021e+03 8.457666857053084823e+04
4.210145094646692087e+03 8.412700095312487974e+04
4.212706481174868713e+03 8.441986254335974809e+04
4.215267852012530966e+03 8.804398018093038991e+04
4.217829207227033294e+03 8.786326349030526762e+04
4.220390546885781987e+03 8.611159488398546819e+04
4.222951871056232449e+03 8.580832634994290129e+04
4.225513179805890104e+03 8.409792499896114168e+04
4.228074473202308582e+03 7.649233185894752387e+04
4.230635751313093351e+03 7.364936583799026266e+04
4.233197014205898085e+03 7.440254849496550742e+04
4.235758261948427389e+03 7.415627190648273972e+04
4.238319494608433160e+03 7.660134779587076628e+04
4.240880712253720048e+03 7.308339703231542080e+04
4.243441914952140905e+03 7.370018131649543648e+04
4.246003102771597696e+03 7.087386132648010971e+04
4.248564275780043317e+03 6.959241842232520867e+04
4.251125434045479778e+03 6.770341926121131110e+04
4.253686577635959111e+03 6.780245090049946157e+04
4.256247706619581550e+03 6.798922541326902865e+04
4.258808821064499170e+03 6.485451694719901570e+04
4.261369921038913162e+03 6.376994969331887114e+04
4.263931006611073826e+03 6.499584564535690151e+04
4.266492077849280577e+03 6.631945811842900002e+04
4.269053134821884669e+03 6.482583059289110679e+04
4.271614177597284652e+03 6.477277043203736685e+04
4.274175206243930006e+03 6.795826627629149880e+04
4.276736220830321145e+03 6.656559389495744836e+04
4.279297221425004864e+03 6.727191787479151390e+04
4.281858208096581620e+03 6.322483374338033900e+04
4.284419180913697346e+03 6.730877134096424561e+04
4.286980139945051633e+03 6.383747205753312301e+04
4.289541085259391366e+03 6.524362875255912513e+04
4.292102016925514363e+03 6.650738016743265325e+04
4.294662935012266644e+03 6.267509190542240685e+04
4.297223839588545161e+03 6.208363334052866412e+04
4.299784730723296889e+03 6.318674107134028600e+04
4.302345608485517914e+03 6.451113476554293447e+04
4.304906472944252528e+03 6.467229737010711688e+04
4.307467324168597770e+03 6.697487167447048705e+04
4.310028162227697976e+03 7.144269504937826423e+04
4.312588987190748412e+03 7.291310597334033810e+04
4.315149799126993457e+03 7.749194993206833897e+04
4.317710598105727513e+03 7.942396039290212502e+04
4.320271384196294093e+03 8.437198971751148929e+04
4.322832157468087644e+03 9.515467826314060949e+04
4.325392917990550814e+03 9.452160124662806629e+04
4.327953665833177183e+03 8.077884496061434038e+04
4.330514401065509446e+03 6.981060657313355478e+04
4.333075123757139409e+03 7.004933342270585126e+04
4.335635833977709808e+03 7.122370322928292444e+04
4.338196531796913405e+03 7.309478864758214331e+04
4.340757217284489343e+03 7.725038900996869779e+04
4.343317890510231337e+03 7.871802680068179325e+04
4.345878551543978574e+03 8.392474668994186504e+04
4.348439200455622995e+03 1.372120442529928987e+05
4.350999837315104742e+03 7.482354474154153140e+05
4.353560462192413070e+03 1.100311364000075264e+06
4.356121075157588166e+03 3.139273169353934936e+05
4.358681676280720239e+03 1.072249764969421813e+05
4.361242265631947703e+03 8.940823218572619953e+04
4.363802843281458991e+03 8.512222330610896461e+04
4.366363409299494379e+03 8.543564455086734961e+04
4.368923963756339617e+03 8.623479696128450450e+04
4.371484506722335027e+03 8.607286835952916590e+04
4.374045038267867312e+03 8.456210958642316109e+04
4.376605558463373200e+03 8.660657921448949492e+04
4.379166067379341257e+03 1.027457074345900037e+05
4.381726565086307346e+03 1.129455796831101179e+05
4.384287051654857351e+03 1.038435142642996361e+05
4.386847527155628086e+03 1.054171948018299881e+05
4.389407991659306390e+03 1.101182619127123908e+05
4.391968445236626394e+03 1.072579768163605622e+05
4.394528887958373161e+03 1.002645148944715329e+05
4.397089319895383596e+03 9.782347579651082924e+04
4.399649741118540078e+03 9.907443041200339212e+04
4.402210151698778645e+03 1.032048525108537433e+05
4.404770551707082632e+03 9.523153306947826059e+04
4.407330941214486302e+03 7.303609979997560731e+04
4.409891320292073033e+03 6.491967930467447150e+04
4.412451689010975315e+03 6.307351313089152973e+04
4.415012047442376570e+03 6.235258888569194096e+04
4.417572395657509333e+03 6.238705130043413374e+04
4.420132733727655250e+03 6.347931527553762862e+04
4.422693061724147810e+03 6.772131001684583316e+04
4.425253379718366887e+03 7.499921237944356108e+04
4.427813687781745102e+03 7.348416646771310479e+04
4.430373985985764193e+03 6.863277988730957441e+04
4.432934274401953189e+03 6.508949392558270483e+04
4.435494553101892961e+03 6.104486487260460126e+04
4.438054822157214403e+03 6.069957836449897877e+04
4.440615081639596610e+03 5.758536468960637285e+04
4.443175331620770521e+03 5.541116544779587275e+04
4.445735572172513457e+03 5.582643034479794005e+04
4.448295803366656401e+03 5.479286642596231104e+04
4.450856025275075808e+03 5.685567636328282970e+04
4.453416237969702706e+03 5.598115496598145546e+04
4.455976441522513596e+03 5.821970153488682263e+04
4.458536636005535911e+03 6.528297477116731170e+04
4.461096821490848015e+03 6.668890091355420009e+04
4.463656998050576476e+03 6.287121268486350891e+04
4.466217165756898794e+03 6.158990718985132844e+04
4.468777324682041581e+03 6.170126098479331267e+04
4.471337474898280561e+03 6.397519868508929358e+04
4.473897616477941483e+03 6.524713048779735254e+04
4.476457749493401025e+03 6.272206376772857038e+04
4.479017874017084068e+03 6.057042749372535764e+04
4.481577990121465518e+03 6.029499791533449024e+04
4.484138097879070301e+03 5.964041096976356494e+04
4.486698197362473366e+03 6.202260296932137862e+04
4.489258288644297863e+03 6.555064602901923354e+04
4.491818371797218788e+03 7.093235579037523712e+04
4.494378446893959335e+03 7.664378524626084254e+04
4.496938514007291815e+03 8.200180039431822661e+04
4.499498573210041286e+03 9.495549795556448225e+04
4.502058624575078284e+03 1.061369643273459951e+05
4.504618668175327002e+03 1.150584309133938659e+05
4.507178704083758930e+03 1.279112935183949157e+05
4.509738732373394669e+03 1.472087438127322530e+05
4.512298753117307569e+03 1.673545855775811069e+05
4.514858766388617369e+03 1.886723700128355704e+05
4.517418772260495643e+03 2.165458814826726739e+05
4.519978770806163084e+03 2.329843473694192944e+05
4.522538762098890402e+03 2.092901014727638976e+05
4.525098746211996513e+03 1.410687686800261145e+05
4.527658723218851264e+03 8.750071877983611193e+04
4.530218693192874525e+03 7.016190028901043115e+04
4.532778656207535278e+03 7.009404525411226496e+04
4.535338612336352526e+03 7.179691246711924032e+04
4.537898561652894386e+03 7.053139424311918265e+04
4.540458504230778999e+03 6.857748515887364920e+04
4.543018440143675434e+03 6.737749774850490212e+04
4.545578369465299147e+03 6.852917221821990097e+04
4.548138292269419253e+03 6.723780940644533257e+04
4.550698208629852161e+03 6.549717301559590851e+04
4.553258118620464302e+03 6.385271647409735306e+04
4.555818022315173039e+03 6.250665934386430308e+04
4.558377919787943028e+03 5.870521630765990994e+04
4.560937811112790769e+03 5.985731542278061534e+04
4.563497696363781870e+03 6.230989742266534449e+04
4.566057575615031965e+03 6.158990494113318709e+04
4.568617448940704890e+03 6.220010082875813532e+04
4.571177316415016321e+03 6.195337946057370573e+04
4.573737178112229230e+03 5.987122087808456126e+04
4.576297034106659339e+03 5.856155945200566930e+04
4.578856884472668753e+03 6.093271587004405592e+04
4.581416729284672329e+03 6.512458065137865924e+04
4.583976568617132216e+03 6.515494144453673653e+04
4.586536402544560588e+03 6.364348380127114069e+04
4.589096231141522367e+03 6.322203560690813902e+04
4.591656054482627042e+03 6.929143135288258782e+04
4.594215872642537761e+03 6.836912477471758029e+04
4.596775685695966786e+03 5.667696486681677925e+04
4.599335493717673671e+03 5.203250059480522759e+04
4.601895296782471632e+03 4.960213602451465704e+04
4.604455094965219359e+03 4.699040334387035546e+04
4.607014888340828293e+03 4.848602222306424665e+04
4.609574676984258076e+03 4.765811284521491325e+04
4.612134460970519285e+03 4.870915225834760349e+04
4.614694240374670699e+03 4.738756907742565818e+04
4.617254015271822027e+03 4.918792266241265315e+04
4.619813785737132093e+03 4.898199275671032228e+04
4.622373551845808834e+03 4.610880597995594144e+04
4.624933313673111115e+03 4.489303574371135619e+04
4.627493071294346919e+03 4.596309057587475399e+04
4.630052824784874247e+03 4.634258707358939137e+04
4.632612574220100214e+03 4.591898776320450997e+04
4.635172319675481958e+03 4.450990559979560203e+04
4.637732061226526639e+03 4.793117428700857272e+04
4.640291798948789619e+03 5.521595970552826475e+04
4.642851532917878103e+03 6.434503580662519380e+04
4.645411263209447498e+03 7.683373745930328732e+04
4.647970989899205051e+03 6.739691126903818804e+04
4.650530713062903487e+03 4.875407796231076645e+04
4.653090432776349189e+03 4.272923712451347819e+04
4.655650149115397653e+03 4.244543910602289543e+04
4.658209862155952578e+03 4.424307706278043042e+04
4.660769571973966777e+03 4.736478579214087949e+04
4.663329278645445811e+03 4.876718945558392443e+04
4.665888982246442538e+03 5.249290263747067365e+04
4.668448682853060745e+03 5.373594360991472058e+04
4.671008380541452425e+03 5.545169885524589336e+04
4.673568075387820500e+03 5.813755480394672486e+04
4.676127767468417915e+03 5.414516121408883191e+04
4.678687456859545819e+03 4.914411868098604464e+04
4.681247143637556292e+03 4.854513893914799701e+04
4.683806827878851436e+03 5.046201844451314537e+04
4.686366509659881558e+03 5.033112838147253933e+04
4.688926189057147894e+03 4.879353886016741308e+04
4.691485866147199886e+03 5.152317975184831448e+04
4.694045541006638814e+03 5.818604148131571856e+04
4.696605213712115074e+03 6.212642375146714039e+04
4.699164884340327262e+03 5.883339946896895708e+04
4.701724552968024909e+03 5.504318363314620365e+04
4.704284219672007566e+03 5.149933072563697351e+04
4.706843884529123898e+03 4.680843020399265515e+04
4.709403547616271680e+03 4.608192621951396723e+04
4.711963209010398714e+03 4.628421856382706028e+04
4.714522868788504638e+03 4.649934464500162721e+04
4.717082527027634569e+03 4.447201677238533739e+04
4.719642183804888191e+03 4.582376574642751075e+04
4.722201839197410663e+03 4.652397318765383534e+04
4.724761493282399897e+03 4.600167372302011063e+04
4.727321146137101096e+03 4.601174437632476474e+04
4.729880797838810395e+03 4.898527532701283781e+04
4.732440448464873953e+03 5.124910886913497234e+04
4.735000098092687949e+03 5.127617630648672639e+04
4.737559746799695858e+03 4.724191099928542098e+04
4.740119394663393905e+03 4.480003615051987435e+04
4.742679041761325607e+03 4.618267536341435334e+04
4.745238688171085414e+03 4.604900537408971286e+04
4.747798333970318708e+03 4.350312670666474878e+04
4.750357979236716346e+03 4.141883623923832783e+04
4.752917624048024663e+03 4.255147825357150577e+04
4.755477268482034560e+03 4.359283903873782401e+04
4.758036912616589689e+03 4.164145431196350546e+04
4.760596556529581903e+03 4.233814875423023477e+04
4.763156200298953991e+03 4.359777518622209027e+04
4.765715844002697850e+03 4.152517865692322812e+04
4.768275487718853583e+03 4.058657554107900069e+04
4.770835131525514953e+03 4.104001812403493386e+04
4.773394775500820288e+03 4.204159087538145104e+04
4.775954419722962484e+03 4.243948892990635068e+04
4.778514064270179915e+03 4.428061957274672022e+04
4.781073709220763703e+03 4.423737819250543544e+04
4.783633354653054084e+03 4.363382381552958395e+04
4.786193000645438588e+03 4.183884526059983182e+04
4.788752647276358402e+03 4.269259362249851256e+04
4.791312294624302012e+03 4.209538404863456526e+04
4.793871942767807013e+03 4.247672332916251617e+04
4.796431591785461933e+03 4.396041014232101588e+04
4.798991241755905321e+03 4.663600909325788962e+04
4.801550892757823931e+03 4.895811059034301434e+04
4.804110544869955447e+03 5.034212297486441093e+04
4.806670198171087577e+03 5.177572508653801196e+04
4.809229852740056231e+03 5.672879799643184379e+04
4.811789508655749160e+03 5.992214390880177962e+04
4.814349165997100499e+03 6.242327870043333678e+04
4.816908824843097136e+03 6.663970234695896215e+04
4.819468485272775069e+03 7.561595058283604158e+04
4.822028147365218501e+03 8.367269112429779489e+04
4.824587811199563475e+03 9.292362362358393148e+04
4.827147476854994238e+03 1.038498807586902549e+05
4.829707144410744149e+03 1.176506053543796879e+05
4.832266813946099319e+03 1.344976477596917539e+05
4.834826485540391332e+03 1.558282398706000531e+05
4.837386159273005433e+03 1.816201750642790867e+05
4.839945835223373251e+03 2.000862788916223217e+05
4.842505513470978258e+03 2.140645315854135843e+05
4.845065194095353945e+03 2.179892697007828974e+05
4.847624877176081100e+03 1.747696569506965170e+05
4.850184562792792349e+03 9.101319652126531582e+04
4.852744251025169433e+03 4.711184032930046669e+04
4.855303941952943205e+03 4.110200315042505099e+04
4.857863635655895450e+03 4.072729276081147691e+04
4.860423332213856156e+03 4.618863870999293431e+04
4.862983031706706242e+03 5.208849982683359849e+04
4.865542734214375741e+03 5.893802314465323434e+04
4.868102439816844708e+03 1.592081865200235334e+05
4.870662148594142309e+03 7.375538646717413794e+05
4.873221860626348644e+03 4.573661504717886448e+06
4.875781575993591105e+03 3.760266373638267629e+06
4.878341294776049835e+03 4.349334667088760179e+05
4.880901017053953183e+03 8.501968862266135693e+04
4.883460742907577696e+03 5.943338465517817531e+04
4.886020472417252677e+03 5.356697350729283789e+04
4.888580205663354718e+03 4.777207514823089878e+04
4.891139942726311347e+03 4.059684617494491977e+04
4.893699683686599201e+03 3.820926984629415529e+04
4.896259428624744942e+03 3.891345517504043528e+04
4.898819177621325252e+03 3.826707095389052120e+04
4.901378930756965929e+03 3.635628259169016383e+04
4.903938688112341879e+03 3.538535564310542395e+04
4.906498449768178943e+03 3.518698530588500580e+04
4.909058215805252075e+03 3.580892944559190073e+04
4.911617986304387159e+03 3.534743284356285585e+04
4.914177761346456464e+03 3.435395406912858016e+04
4.916737541012385918e+03 3.411186939441226423e+04
4.919297325383149655e+03 3.440646048294631328e+04
4.921857114539770009e+03 3.382005695761202514e+04
4.924416908563320249e+03 3.158847588342210292e+04
4.926976707534923662e+03 3.181475897365107085e+04
4.929536511535753561e+03 3.103846808927709935e+04
4.932096320647031462e+03 3.203990864517159935e+04
4.934656134950029809e+03 3.087732455231290442e+04
4.937215954526070163e+03 3.205440012234242386e+04
4.939775779456524106e+03 3.968451750982843805e+04
4.942335609822813240e+03 4.371581486460183078e+04
4.944895445706407372e+03 4.454728675283846678e+04
4.947455287188828152e+03 4.659155165332297474e+04
4.950015134351645429e+03 3.794306792457336269e+04
4.952574987276479078e+03 3.153956398772517423e+04
4.955134846044998994e+03 2.963311357149766991e+04
4.957694710738924186e+03 2.813294144905298162e+04
4.960254581440023685e+03 2.780869392017200880e+04
4.962814458230117452e+03 2.735765752210571009e+04
4.965374341191072745e+03 2.780362359257690332e+04
4.967934230404807749e+03 3.004427257435941283e+04
4.970494125953289767e+03 3.135309982296670933e+04
4.973054027918538850e+03 3.052179208338266471e+04
4.975613936382618704e+03 2.995381658694936050e+04
4.978173851427649424e+03 3.135273602625001513e+04
4.980733773135796582e+03 3.291947744901277474e+04
4.983293701589276679e+03 3.229433523901980880e+04
4.985853636870355331e+03 3.254186567609594204e+04
4.988413579061347264e+03 2.940796887885819160e+04
4.990973528244620866e+03 2.946264242799008207e+04
4.993533484502589090e+03 2.905889058365222081e+04
4.996093447917717640e+03 2.627593737572675673e+04
4.998653418572520422e+03 2.443702359789903130e+04
5.001213396549562276e+03 2.456999100491422359e+04
5.003773381931457152e+03 2.522791657989724263e+04
5.006333374800869024e+03 2.514541807070899813e+04
5.008893375240510068e+03 2.698717152545650606e+04
5.011453383333144302e+03 2.834319139290032763e+04
5.014013399161584857e+03 2.710184485471997687e+04
5.016573422808693977e+03 2.665865377990214256e+04
5.019133454357383016e+03 2.636487970397812387e+04
5.021693493890614263e+03 2.685890726065419949e+04
5.024253541491400028e+03 2.904746131236694782e+04
5.026813597242800824e+03 3.033684198392414328e+04
5.029373661227928096e+03 2.692163550056792519e+04
5.031933733529941492e+03 2.258703744581027058e+04
5.034493814232053410e+03 2.103447713468618531e+04
5.037053903417521724e+03 1.999678567611310064e+04
5.039614001169657058e+03 1.966747220851122256e+04
5.042174107571819150e+03 2.223595718423611106e+04
5.044734222707417757e+03 2.420639263593907162e+04
5.047294346659910843e+03 2.349812338208367146e+04
5.049854479512807302e+03 2.241218743750224894e+04
5.052414621349664230e+03 2.362657543632190573e+04
5.054974772254092386e+03 2.384209190467100416e+04
5.057534932309746182e+03 2.386380018827772074e+04
5.060095101600336420e+03 2.467640125443511351e+04
5.062655280209616649e+03 2.554507454152185164e+04
5.065215468221396804e+03 2.739642589289867465e+04
5.067775665719530480e+03 2.885838744128277904e+04
5.070335872787926746e+03 2.657645220974298718e+04
5.072896089510539241e+03 2.404990245051442980e+04
5.075456315971374352e+03 2.555457808954560096e+04
5.078016552254488488e+03 2.694092374624170043e+04
5.080576798443984444e+03 2.716700280625640517e+04
5.083137054624018674e+03 2.728841575221600579e+04
5.085697320878794926e+03 2.823789468397667224e+04
5.088257597292566970e+03 2.752971149212653472e+04
5.090817883949639509e+03 2.705080048157605779e+04
5.093378180934364536e+03 2.772339837029184127e+04
5.095938488331146800e+03 2.812015512982326982e+04
5.098498806224438340e+03 2.573684441477686050e+04
5.101059134698742128e+03 2.301691527874006715e+04
5.103619473838610247e+03 2.235654047213142985e+04
5.106179823728644806e+03 2.189875365331445209e+04
5.108740184453497022e+03 2.157683283708197996e+04
5.111300556097869048e+03 2.107383442397407998e+04
5.113860938746512147e+03 2.081946491664761197e+04
5.116421332484225786e+03 2.073831613186100367e+04
5.118981737395862183e+03 2.036436763923380568e+04
5.121542153566319939e+03 1.994801550231728470e+04
5.124102581080549498e+03 1.987125472093575809e+04
5.126663020023551326e+03 2.069080239349700423e+04
5.129223470480374090e+03 2.096461013954917507e+04
5.131783932536115572e+03 2.102539013667307154e+04
5.134344406275926303e+03 2.075955762736802717e+04
5.136904891785004111e+03 2.113252127311058939e+04
5.139465389148597751e+03 2.170459544512925277e+04
5.142025898452002366e+03 2.231359459309474551e+04
5.144586419780568576e+03 2.234470243384243440e+04
5.147146953219692477e+03 2.314721975576590194e+04
5.149707498854821097e+03 2.387559219739363107e+04
5.152268056771449665e+03 2.482088746001847903e+04
5.154828627055126162e+03 2.593599845063717294e+04
5.157389209791445865e+03 2.671425535402942478e+04
5.159949805066054978e+03 2.672729176380762146e+04
5.162510412964647912e+03 2.695113225917571253e+04
5.165071033572970919e+03 2.752634613411980899e+04
5.167631666976818451e+03 3.025798081375878246e+04
5.170192313262034986e+03 3.134711213888183556e+04
5.172752972514514113e+03 3.362322301476990106e+04
5.175313644820200352e+03 3.571018841688513930e+04
5.177874330265088247e+03 3.957920037220867380e+04
5.180435028935218725e+03 4.281042395990263321e+04
5.182995740916687282e+03 4.672695177519802382e+04
5.185556466295634891e+03 5.218980829873281618e+04
5.188117205158254365e+03 5.842972168114415399e+04
5.190677957590787628e+03 6.581718376213044394e+04
5.193238723679527538e+03 7.317992731526332500e+04
5.195799503510814247e+03 8.060560309662808140e+04
5.198360297171040656e+03 8.993086955392098753e+04
5.200921104746646051e+03 1.000492966922977648e+05
5.203481926324121559e+03 1.138371583575426630e+05
5.206042761990007421e+03 1.259672607465942565e+05
5.208603611830894806e+03 1.310892857236215204e+05
5.211164475933422182e+03 9.316521752615932201e+04
5.213725354384278944e+03 3.048512111881269448e+04
5.216286247270203603e+03 1.713749647779724546e+04
5.218847154677987419e+03 1.539666515814376180e+04
5.221408076694466217e+03 1.420210228111800825e+04
5.223969013406529484e+03 1.346030332823685603e+04
5.226529964901115818e+03 1.465202789305926854e+04
5.229090931265211111e+03 1.543019328484739526e+04
5.231651912585854006e+03 1.498085665132574832e+04
5.234212908950131350e+03 1.535807590926812372e+04
5.236773920445179101e+03 1.499132598482125650e+04
5.239334947158184150e+03 1.505469485546203759e+04
5.241895989176382500e+03 1.583844172275367418e+04
5.244457046587060177e+03 1.541786839755631445e+04
5.247018119477553228e+03 1.435885551165244215e+04
5.249579207935244995e+03 1.541611785842772224e+04
5.252140312047573389e+03 1.571877624813088005e+04
5.254701431902019976e+03 1.549219345394738593e+04
5.257262567586120895e+03 1.534277733172553781e+04
5.259823719187459574e+03 1.538171352726959776e+04
5.262384886793670375e+03 1.535317739252878891e+04
5.264946070492435865e+03 1.544439308040018295e+04
5.267507270371488630e+03 1.690519201513984808e+04
5.270068486518614009e+03 1.806260310400314484e+04
5.272629719021641904e+03 1.807165266892108411e+04
5.275190967968455880e+03 1.924492827402988769e+04
5.277752233446986793e+03 1.941867236844383297e+04
5.280313515545217342e+03 1.774227518184827204e+04
5.282874814351178429e+03 1.690827210925875988e+04
5.285436129952950978e+03 1.758593939962402146e+04
5.287997462438665934e+03 1.646301093545355616e+04
5.290558811896504267e+03 1.491748369922272104e+04
5.293120178414695147e+03 1.472213904835308131e+04
5.295681562081517768e+03 1.529631846860338555e+04
5.298242962985304075e+03 1.515394628413863938e+04
5.300804381214431487e+03 1.367466794630354707e+04
5.303365816857328355e+03 1.419593866142439583e+04
5.305927270002474870e+03 1.417976863321790552e+04
5.308488740738399429e+03 1.314073177156572274e+04
5.311050229153678629e+03 1.319054778274087039e+04
5.313611735336940910e+03 1.468557422273019984e+04
5.316173259376863825e+03 1.521928116129958289e+04
5.318734801362174039e+03 1.432646592401685848e+04
5.321296361381649149e+03 1.522053889070174591e+04
5.323857939524114954e+03 1.477409563256925867e+04
5.326419535878449096e+03 1.428695151171541147e+04
5.328981150533575601e+03 1.492162023540367045e+04
5.331542783578470335e+03 1.562169893765400593e+04
5.334104435102161005e+03 1.434225323811230737e+04
5.336666105193718977e+03 1.393720382127712037e+04
5.339227793942272001e+03 1.469813142404725659e+04
5.341789501436993305e+03 1.857947016288378290e+04
5.344351227767107048e+03 1.868942030374434034e+04
5.346912973021886501e+03 1.611832793018058874e+04
5.349474737290655867e+03 1.560900971567443958e+04
5.352036520662789371e+03 1.470784293950763094e+04
5.354598323227708534e+03 1.507374818082475213e+04
5.357160145074885804e+03 1.503575865210419943e+04
5.359721986293844566e+03 1.443299505660619798e+04
5.362283846974156404e+03 1.439342425548502251e+04
5.364845727205442017e+03 1.520179904638837979e+04
5.367407627077374855e+03 1.602118112142444443e+04
5.369969546679675659e+03 1.587897936967550049e+04
5.372531486102113377e+03 1.446390159604219843e+04
5.375093445434510613e+03 1.363649080329314347e+04
5.377655424766737269e+03 1.401845900957933372e+04
5.380217424188712357e+03 1.370352196042574724e+04
5.382779443790405821e+03 1.412298120955729064e+04
5.385341483661837628e+03 1.468169040942579704e+04
5.387903543893075039e+03 1.437691898937855149e+04
5.390465624574239882e+03 1.365646403009074493e+04
5.393027725795498554e+03 1.380789252703710372e+04
5.395589847647068382e+03 1.361050515510879268e+04
5.398151990219219442e+03 1.509452975714861714e+04
5.400714153602268198e+03 1.672902261021805680e+04
5.403276337886581132e+03 1.524247304112098391e+04
5.405838543162576570e+03 1.465290499831470697e+04
5.408400769520720132e+03 1.413185182000845271e+04
5.410963017051528368e+03 1.339998325197481972e+04
5.413525285845567851e+03 1.353236286208378260e+04
5.416087575993454266e+03 1.249440245003419477e+04
5.418649887585853321e+03 1.201768767665580162e+04
5.421212220713478018e+03 1.167995119749634432e+04
5.423774575467095929e+03 1.074401952329062442e+04
5.426336951937520098e+03 1.079677717209284492e+04
5.428899350215615414e+03 1.122222490653390014e+04
5.431461770392295875e+03 1.430265715083256327e+04
5.434024212558524596e+03 1.423577626359353417e+04
5.436586676805314710e+03 1.218055843879101303e+04
5.439149163223730284e+03 1.248366898111376213e+04
5.441711671904882678e+03 1.140176124404885377e+04
5.444274202939936004e+03 1.110227879502907490e+04
5.446836756420101665e+03 1.274528167609296543e+04
5.449399332436640179e+03 1.289616960887892128e+04
5.451961931080865725e+03 1.100804459012796906e+04
5.454524552444137953e+03 1.035494924922661448e+04
5.457087196617867448e+03 9.820629413575954459e+03
5.459649863693515726e+03 1.031366552471895739e+04
5.462212553762593416e+03 9.715202346242576823e+03
5.464775266916659348e+03 1.038043792655942343e+04
5.467338003247324195e+03 1.067984452484087888e+04
5.469900762846247744e+03 1.057098917441028971e+04
5.472463545805137983e+03 1.114248194552706263e+04
5.475026352215754741e+03 1.084096636697306894e+04
5.477589182169905143e+03 1.095387466082281389e+04
5.480152035759449063e+03 1.103330760325918709e+04
5.482714913076294579e+03 1.076265288541157861e+04
5.485277814212398880e+03 1.097865060840401384e+04
5.487840739259768270e+03 1.030021460903265688e+04
5.490403688310460893e+03 9.896077184211031636e+03
5.492966661456583097e+03 1.082345102682417382e+04
5.495529658790292160e+03 1.028132630538166086e+04
5.498092680403793565e+03 9.197627729051950155e+03
5.500655726389342817e+03 9.507819352314465505e+03
5.503218796839245442e+03 9.061028659282310400e+03
5.505781891845857899e+03 9.177501358658237223e+03
5.508345011501583940e+03 9.606776709290090366e+03
5.510908155898879158e+03 1.041412911068191897e+04
5.513471325130247351e+03 1.012698789647158264e+04
5.516034519288242336e+03 9.632316555967030581e+03
5.518597738465467955e+03 1.116059358673349016e+04
5.521160982754578981e+03 1.084934132526218309e+04
5.523724252248276571e+03 9.914940496912902745e+03
5.526287547039314632e+03 9.944701342771608324e+03
5.528850867220496184e+03 9.965106302172280266e+03
5.531414212884672452e+03 1.022673619991551277e+04
5.533977584124746500e+03 1.063080230235106683e+04
5.536540981033668686e+03 1.024719261646356972e+04
5.539104403704442120e+03 1.000525485444481455e+04
5.541667852230115386e+03 1.123472406442967440e+04
5.544231326703791638e+03 1.163477379673883661e+04
5.546794827218620412e+03 1.223452042373093354e+04
5.549358353867801270e+03 1.472926338870287691e+04
5.551921906744585613e+03 1.378303647983264818e+04
5.554485485942272135e+03 1.384498022784013665e+04
5.557049091554209554e+03 1.354260061566779586e+04
5.559612723673797518e+03 1.342789273202498953e+04
5.562176382394483880e+03 1.348899735131899070e+04
5.564740067809768334e+03 1.464821052358156885e+04
5.567303780013198775e+03 1.534037053198448302e+04
5.569867519098371304e+03 1.558697945467939826e+04
5.572431285158935680e+03 1.619256249175625453e+04
5.574995078288587138e+03 1.613274518229769637e+04
5.577558898581073663e+03 1.719844086626893477e+04
5.580122746130191445e+03 1.700246434831138686e+04
5.582686621029787602e+03 1.817285240421146955e+04
5.585250523373756550e+03 1.853754829847324800e+04
5.587814453256045454e+03 2.058372804746385737e+04
5.590378410770648770e+03 2.212121106823718583e+04
5.592942396011610981e+03 2.117740623301033338e+04
5.595506409073028408e+03 2.573987523965591754e+04
5.598070450049044666e+03 2.773197665870435230e+04
5.600634519033854303e+03 2.801175958479049223e+04
5.603198616121700979e+03 3.130138475598550576e+04
5.605762741406879286e+03 3.535228130925520964e+04
5.608326894983730199e+03 3.948287651306675252e+04
5.610891076946648354e+03 4.407859772560538113e+04
5.613455287390075682e+03 4.863022115895024035e+04
5.616019526408505044e+03 5.290983680959862249e+04
5.618583794096479323e+03 5.424759273693862633e+04
5.621148090548588698e+03 5.478718598969298182e+04
5.623712415859476096e+03 3.497720602756816515e+04
5.626276770123830829e+03 1.136111238879190387e+04
5.628841153436395871e+03 9.474448794618594548e+03
5.631405565891960578e+03 9.459815711705428839e+03
5.633970007585365238e+03 1.087352991596926950e+04
5.636534478611500163e+03 1.211948887529461172e+04
5.639098979065305684e+03 1.151921395922502961e+04
5.641663509041769430e+03 1.083659253629437444e+04
5.644228068635932686e+03 1.049136427643068600e+04
5.646792657942882215e+03 1.126141020331074833e+04
5.649357277057757528e+03 1.103994644417881500e+04
5.651921926075747251e+03 9.393979852744236268e+03
5.654486605092088212e+03 1.068180730210790352e+04
5.657051314202068170e+03 1.041916381776893104e+04
5.659616053501025817e+03 1.055382486936156965e+04
5.662180823084346230e+03 1.064577546700032144e+04
5.664745623047466324e+03 1.024147516775916301e+04
5.667310453485873950e+03 1.163757963399529763e+04
5.669875314495104249e+03 1.199349540968754991e+04
5.672440206170743295e+03 1.170922335987273618e+04
5.675005128608426276e+03 1.179976136904313535e+04
5.677570081903838400e+03 1.140379151832673961e+04
5.680135066152713989e+03 1.117192323528838642e+04
5.682700081450839207e+03 1.283571882999059198e+04
5.685265127894046600e+03 1.414700273402780113e+04
5.687830205578221467e+03 1.321990244515862287e+04
5.690395314599297308e+03 1.199933060542929888e+04
5.692960455053256737e+03 1.270095394002624380e+04
5.695525627036133301e+03 1.602505884178026645e+04
5.698090830644010566e+03 1.470310557501239418e+04
5.700656065973020304e+03 1.659466491233111810e+04
5.703221333119343399e+03 1.742697716654358010e+04
5.705786632179214394e+03 1.255804943557776278e+04
5.708351963248912398e+03 1.343915126757225516e+04
5.710917326424771090e+03 1.346796523082968451e+04
5.713482721803169625e+03 1.396695373213317725e+04
5.716048149480538996e+03 1.493442236547788525e+04
5.718613609553360220e+03 1.160305542803486424e+04
5.721179102118163428e+03 9.579698227861865234e+03
5.723744627271526952e+03 1.105076971968037651e+04
5.726310185110081875e+03 1.068600737044032394e+04
5.728875775730507485e+03 9.560898867620264355e+03
5.731441399229532180e+03 8.105056024823181360e+03
5.734007055703934384e+03 8.044789968498256712e+03
5.736572745250541630e+03 9.519770868378194791e+03
5.739138467966233293e+03 1.206969200147170704e+04
5.741704223947936953e+03 1.516039400231172112e+04
5.744270013292629301e+03 1.410580670084344092e+04
5.746835836097338870e+03 1.489181075147530828e+04
5.749401692459139667e+03 1.556001700128516131e+04
5.751967582475161180e+03 1.267013026658272247e+04
5.754533506242578369e+03 9.713616353875484492e+03
5.757099463858616218e+03 7.932337873038516591e+03
5.759665455420551552e+03 6.890711101595308719e+03
5.762231481025710309e+03 7.647315598232947195e+03
5.764797540771465719e+03 7.954795432105032887e+03
5.767363634755242856e+03 1.144252360885658709e+04
5.769929763074516814e+03 1.417183440350410456e+04
5.772495925826811799e+03 1.480495120513721486e+04
5.775062123109701133e+03 1.195104108622027888e+04
5.777628355020809067e+03 1.213865863739146516e+04
5.780194621657807147e+03 1.160570798353974897e+04
5.782760923118420578e+03 9.095036346206819871e+03
5.785327259500420041e+03 1.355168155468269288e+04
5.787893630901628057e+03 1.557147386152528998e+04
5.790460037419918081e+03 1.427578110169626780e+04
5.793026479153209948e+03 1.302300878899360941e+04
5.795592956199477157e+03 1.376923322631339215e+04
5.798159468656738682e+03 1.805305863964210948e+04
5.800726016623067153e+03 1.524170764485399013e+04
5.803292600196581589e+03 1.402488246818845982e+04
5.805859219475452846e+03 1.530662191861837346e+04
5.808425874557900897e+03 1.298834438313062674e+04
5.810992565542195734e+03 1.145616868753186100e+04
5.813559292526655554e+03 1.170221635355544822e+04
5.816126055609651303e+03 1.362946753382401585e+04
5.818692854889599403e+03 1.492803008162899823e+04
5.821259690464969026e+03 1.284677475792809128e+04
5.823826562434278458e+03 2.523927337809228266e+04
5.826393470896096915e+03 3.050623560877022828e+04
5.828960415949039998e+03 1.906586770429597891e+04
5.831527397691775150e+03 1.466676668634764974e+04
5.834094416223019834e+03 1.500389515305522036e+04
5.836661471641540629e+03 1.275353676297300080e+04
5.839228564046154133e+03 6.919012910793724586e+03
5.841795693535726059e+03 8.281425421728094079e+03
5.844362860209171231e+03 1.193990088087731601e+04
5.846930064165456315e+03 1.704018164778701976e+04
5.849497305503596181e+03 1.884190616103705543e+04
5.852064584322655719e+03 1.148240859210990493e+04
5.854631900721748025e+03 7.540100266007393657e+03
5.857199254800039853e+03 7.153477755340608383e+03
5.859766646656743433e+03 9.169827157633160823e+03
5.862334076391121926e+03 1.199085159223558185e+04
5.864901544102490334e+03 1.047142891552068068e+04
5.867469049890210954e+03 7.221164879221944830e+03
5.870036593853696104e+03 7.590636564646183615e+03
5.872604176092407215e+03 9.429639918467133612e+03
5.875171796705859379e+03 1.056298417499711650e+04
5.877739455793611342e+03 9.335342703434345822e+03
5.880307153455277330e+03 1.174752830644588357e+04
5.882874889790517045e+03 1.573902858119373923e+04
5.885442664899040210e+03 1.256924881824859403e+04
5.888010478880610208e+03 9.094328487976115866e+03
5.890578331835034987e+03 1.134144458947211933e+04
5.893146223862176157e+03 1.060159341678288365e+04
5.895714155061943529e+03 1.597754253082874493e+04
5.898282125534295119e+03 1.975619239342907167e+04
5.900850135379239873e+03 1.903689094460662454e+04
5.903418184696839489e+03 1.545298849695909666e+04
5.905986273587199321e+03 9.985472612804232995e+03
5.908554402150479291e+03 8.540608929562586127e+03
5.911122570486886616e+03 7.880111529952680939e+03
5.913690778696679445e+03 8.530326974428502581e+03
5.916259026880164129e+03 8.456266675152366588e+03
5.918827315137698861e+03 8.257104996116459006e+03
5.921395643569690947e+03 8.957101109647686826e+03
5.923964012276594076e+03 9.510354152705385786e+03
5.926532421358917418e+03 1.125839206633892900e+04
5.929100870917214706e+03 1.424576363877835320e+04
5.931669361052092427e+03 1.319030673283517899e+04
5.934237891864206176e+03 1.137203978452856791e+04
5.936806463454259756e+03 1.137513925643404764e+04
5.939375075923008808e+03 1.115228756360875013e+04
5.941943729371257177e+03 1.539206169122009123e+04
5.944512423899858732e+03 1.931662442932410340e+04
5.947081159609717361e+03 1.184507299038749079e+04
5.949649936601786976e+03 1.804605660622662253e+04
5.952218754977070603e+03 1.995772118946089176e+04
5.954787614836620378e+03 1.064267608229049620e+04
5.957356516281539371e+03 9.450679830711633258e+03
5.959925459412979762e+03 1.209955846713549545e+04
5.962494444332143757e+03 1.364166964908003501e+04
5.965063471140282672e+03 8.292083134344378777e+03
5.967632539938696937e+03 7.004036950573886315e+03
5.970201650828739730e+03 1.129069632555717908e+04
5.972770803911809708e+03 1.237050040867507596e+04
5.975339999289359184e+03 1.011336426831018798e+04
5.977909237062885950e+03 1.047005864327287600e+04
5.980478517333942364e+03 1.318644662326109028e+04
5.983047840204126260e+03 1.288827222089749739e+04
5.985617205775088223e+03 1.626958881239829134e+04
5.988186614148526132e+03 2.107071344557766133e+04
5.990756065426188798e+03 1.277086076726093415e+04
5.993325559709874142e+03 1.355147290912814788e+04
5.995895097101431020e+03 1.500260343312954319e+04
5.998464677702757399e+03 9.077610839848501200e+03
6.001034301615798540e+03 1.173784189376922404e+04
6.003603968942555184e+03 1.387762742148089637e+04
6.006173679785071727e+03 1.196489526210499571e+04
6.008743434245445314e+03 1.059576526569829912e+04
6.011313232425821298e+03 8.846285340050275408e+03
6.013883074428396867e+03 1.263697195275397280e+04
6.016452960355418327e+03 1.496593848198936394e+04
6.019022890309179274e+03 1.184132259315507872e+04
6.021592864392025149e+03 1.230197903819622115e+04
6.024162882706350501e+03 1.205653230754674769e+04
6.026732945354600815e+03 1.094245221671562649e+04
6.029303052439269777e+03 2.080444876748996103e+04
6.031873204062902005e+03 2.867713794134343334e+04
6.034443400328089410e+03 2.472270837389249937e+04
6.037013641337475747e+03 1.906083387692002361e+04
6.039583927193754789e+03 2.263993349746757667e+04
6.042154257999667607e+03 3.148700151095498586e+04
6.044724633858008019e+03 3.005737172790581099e+04
6.047295054871618959e+03 1.831200778414728848e+04
6.049865521143389742e+03 1.245406830737150995e+04
6.052436032776263346e+03 1.410709287687424512e+04
6.055006589873230041e+03 1.646611613321841287e+04
6.057577192537331939e+03 1.774203572264554896e+04
6.060147840871657536e+03 1.734126624436040220e+04
6.062718534979350807e+03 1.844981059665781140e+04
6.065289274963597563e+03 1.969192212915363052e+04
6.067860060927639097e+03 2.121677117464711046e+04
6.070430892974764902e+03 1.914021896419223776e+04
6.073001771208314494e+03 1.740659517448873157e+04
6.075572695731676504e+03 2.143263107490291804e+04
6.078143666648287763e+03 2.578481756450503599e+04
6.080714684061638764e+03 3.102679534167904058e+04
6.083285748075266383e+03 3.183934557849576231e+04
6.085856858792756611e+03 2.814878894974354625e+04
6.088428016317750007e+03 2.622562474772507267e+04
6.090999220753930786e+03 2.940519891729473602e+04
6.093570472205035912e+03 2.585586067994992845e+04
6.096141770774853285e+03 1.296073757276492688e+04
6.098713116567218094e+03 8.085773235999745339e+03
6.101284509686015554e+03 1.105837521853363614e+04
6.103855950235181808e+03 1.359605517174278793e+04
6.106427438318702116e+03 1.253651786501036804e+04
6.108998974040610847e+03 1.383393281600850059e+04
6.111570557504992394e+03 1.047618728345888667e+04
6.114142188815982081e+03 6.349736649477102219e+03
6.116713868077763436e+03 5.440248772778802959e+03
6.119285595394569100e+03 5.719014554645398675e+03
6.121857370870683553e+03 6.733730915263358838e+03
6.124429194610439481e+03 6.528820988685974044e+03
6.127001066718219590e+03 5.767914719809784401e+03
6.129572987298457520e+03 7.345057317223659084e+03
6.132144956455633292e+03 1.464377099981826177e+04
6.134716974294279680e+03 1.809174510533194552e+04
6.137289040918978571e+03 1.276931509741795344e+04
6.139861156434360964e+03 1.144204168497035425e+04
6.142433320945108790e+03 9.945060997187467365e+03
6.145005534555951272e+03 1.340552776500651635e+04
6.147577797371670385e+03 2.191270221798814237e+04
6.150150109497093581e+03 1.629901582872007202e+04
6.152722471037102878e+03 9.474689291662758478e+03
6.155294882096627589e+03 8.815613146364905333e+03
6.157867342780646140e+03 9.220189702431445767e+03
6.160439853194187890e+03 7.980688225951211280e+03
6.163012413442331308e+03 7.744501487482909397e+03
6.165585023630203978e+03 1.047111050663398601e+04
6.168157683862984413e+03 2.156122676572149794e+04
6.170730394245901152e+03 2.395250086047723380e+04
6.173303154884230025e+03 1.464594041178487714e+04
6.175875965883298704e+03 1.051719113799714796e+04
6.178448827348484883e+03 7.451908523180311931e+03
6.181021739385214460e+03 7.178357566595088429e+03
6.183594702098962443e+03 8.122518000465433033e+03
6.186167715595256595e+03 1.116366123435839654e+04
6.188740779979671061e+03 1.173551478492784918e+04
6.191313895357830916e+03 7.012234651205392765e+03
6.193887061835412169e+03 8.242440801485025077e+03
6.196460279518139942e+03 9.194371784002765708e+03
6.199033548511786648e+03 5.965734429096618442e+03
6.201606868922179274e+03 4.352870119150699793e+03
6.204180240855188458e+03 4.387089200425615672e+03
6.206753664416739412e+03 6.049146342957732486e+03
6.209327139712806456e+03 1.181867173953993915e+04
6.211900666849409390e+03 1.512396867021110484e+04
6.214474245932622580e+03 9.666790052544631180e+03
6.217047877068567686e+03 5.323084734262104575e+03
6.219621560363418212e+03 5.851878909988893611e+03
6.222195295923394951e+03 6.037030591128727792e+03
6.224769083854767814e+03 5.554939781809825035e+03
6.227342924263861278e+03 5.602636791296456977e+03
6.229916817257042567e+03 5.903400051670816538e+03
6.232490762940733475e+03 7.198986140960701960e+03
6.235064761421404910e+03 1.227050940160701612e+04
6.237638812805575981e+03 1.481147037874999842e+04
6.240212917199816729e+03 1.122780047261343316e+04
6.242787074710746310e+03 8.939153433630399377e+03
6.245361285445032991e+03 8.868978432010662800e+03
6.247935549509396878e+03 9.803001717610281048e+03
6.250509867010605376e+03 1.180792521246625984e+04
6.253084238055475907e+03 9.529109743688599337e+03
6.255658662750878648e+03 6.852542303676252232e+03
6.258233141203727428e+03 7.573683063102853339e+03
6.260807673520993376e+03 7.793392121773564213e+03
6.263382259809690368e+03 7.008925033997695209e+03
6.265956900176886847e+03 6.466453791804881803e+03
6.268531594729698554e+03 6.876339547198108448e+03
6.271106343575291248e+03 7.315253696892727021e+03
6.273681146820880713e+03 8.210317201398285761e+03
6.276256004573732753e+03 8.117775303530369456e+03
6.278830916941161377e+03 8.595772718774842360e+03
6.281405884030532434e+03 9.178065385985808462e+03
6.283980905949259977e+03 9.369845494760924339e+03
6.286555982804808082e+03 1.109169022477826002e+04
6.289131114704690845e+03 1.156001373693681489e+04
6.291706301756472385e+03 9.615926848870813046e+03
6.294281544067765026e+03 8.575342576036548053e+03
6.296856841746232021e+03 1.000724070724607736e+04
6.299432194899586648e+03 9.854830597719701473e+03
6.302007603635591295e+03 8.397308830137715631e+03
6.304583068062056554e+03 8.057462415487699218e+03
6.307158588286845770e+03 7.714823144617810613e+03
6.309734164417870488e+03 9.576378655597958641e+03
6.312309796563091368e+03 1.124630153276876081e+04
6.314885484830518180e+03 1.011954514588743587e+04
6.317461229328214358e+03 8.175037514529250075e+03
6.320037030164287899e+03 6.221621359971366473e+03
6.322612887446899549e+03 5.999001781338933142e+03
6.325188801284258261e+03 6.136824196345077326e+03
6.327764771784624827e+03 6.598735113115073545e+03
6.330340799056306423e+03 7.469160199061035200e+03
6.332916883207664796e+03 7.283992778555189943e+03
6.335493024347105347e+03 7.016837715384848707e+03
6.338069222583088049e+03 1.017411288487615820e+04
6.340645478024120166e+03 1.258736664887159350e+04
6.343221790778759896e+03 1.082373421890679310e+04
6.345798160955613639e+03 8.481737501900910502e+03
6.348374588663338727e+03 7.209709085932801827e+03
6.350951074010643424e+03 7.679027683777184393e+03
6.353527617106281468e+03 7.838955950229864357e+03
6.356104218059061168e+03 7.122219620385393682e+03
6.358680876977836306e+03 6.807366757794206023e+03
6.361257593971514325e+03 7.133096066078468539e+03
6.363834369149049962e+03 7.042389592822250961e+03
6.366411202619446158e+03 6.545267608648736314e+03
6.368988094491760421e+03 6.605027514184969732e+03
6.371565044875095737e+03 6.822206900081913773e+03
6.374142053878606021e+03 8.073670561193906906e+03
6.376719121611494302e+03 8.710367003394681888e+03
6.379296248183016360e+03 7.518606006066931513e+03
6.381873433702472539e+03 7.573067295567268047e+03
6.384450678279215936e+03 7.727479082539460251e+03
6.387027982022651486e+03 7.724092500157211362e+03
6.389605345042229601e+03 7.982651414833755553e+03
6.392182767447451624e+03 8.956992568884628781e+03
6.394760249347871650e+03 9.687609894649114722e+03
6.397337790853088336e+03 8.836851602196606109e+03
6.399915392072754003e+03 8.346983895131599638e+03
6.402493053116568262e+03 8.333522572531333935e+03
6.405070774094283479e+03 8.572113613352161337e+03
6.407648555115698400e+03 8.115025865442507893e+03
6.410226396290661796e+03 1.017431771541434682e+04
6.412804297729076097e+03 1.113338690698308528e+04
6.415382259540887389e+03 1.073807284903979780e+04
6.417960281836097238e+03 1.008336423570707666e+04
6.420538364724752682e+03 8.831656778858286998e+03
6.423116508316952604e+03 8.895291501474632241e+03
6.425694712722844997e+03 8.660052015803024915e+03
6.428272978052626058e+03 8.236484203853386134e+03
6.430851304416546554e+03 8.473308264067076379e+03
6.433429691924900908e+03 8.259387189011198643e+03
6.436008140688036292e+03 8.025140599939588355e+03
6.438586650816349902e+03 9.393926480326505043e+03
6.441165222420287137e+03 1.029226251729833166e+04
6.443743855610345236e+03 9.662241136717129848e+03
6.446322550497068733e+03 9.665111773330516371e+03
6.448901307191052183e+03 9.596349536586394606e+03
6.451480125802942894e+03 9.477101652970815849e+03
6.454059006443434555e+03 9.354097468881667737e+03
6.456637949223269970e+03 8.730436965415305167e+03
6.459216954253246513e+03 8.557932251981996160e+03
6.461796021644204302e+03 8.630736977835791549e+03
6.464375151507039845e+03 9.974792513881408013e+03
6.466954343952695126e+03 1.373276118910482910e+04
6.469533599092163058e+03 1.248100177596372487e+04
6.472112917036486579e+03 9.549667464235808438e+03
6.474692297896757736e+03 9.138301794513903587e+03
6.477271741784118603e+03 9.366593629787210375e+03
6.479851248809760364e+03 9.674197617169709702e+03
6.482430819084926043e+03 9.722092359625366953e+03
6.485010452720905050e+03 9.940388338376173124e+03
6.487590149829038637e+03 9.980765178501331320e+03
6.490169910520718986e+03 9.723466666666667152e+03
6.492749734907383754e+03 9.534715047995739951e+03
6.495329623100524259e+03 9.524197139709382100e+03
6.497909575211679112e+03 9.378522165810922161e+03
6.500489591352439675e+03 9.662034771594058839e+03
6.503069671634444603e+03 9.819366157903121348e+03
6.505649816169379847e+03 9.603243546988454909e+03
6.508230025068986834e+03 1.013380487933730183e+04
6.510810298445052467e+03 1.044181568075735049e+04
6.513390636409414583e+03 1.032070486863322185e+04
6.515971039073960128e+03 9.975399378039926887e+03
6.518551506550628801e+03 1.028059688328862285e+04
6.521132038951404866e+03 1.073797496368894645e+04
6.523712636388325336e+03 1.092937195492910905e+04
6.526293298973478159e+03 1.075323807840698282e+04
6.528874026818997663e+03 1.199951677310657215e+04
6.531454820037070931e+03 1.249759831026872416e+04
6.534035678739932337e+03 1.178271387614557352e+04
6.536616603039867186e+03 1.248032493982951928e+04
6.539197593049210809e+03 1.347982600414435183e+04
6.541778648880346736e+03 1.363690511697051988e+04
6.544359770645711251e+03 1.444481595740716512e+04
6.546940958457786110e+03 1.588123912211093557e+04
6.549522212429104911e+03 1.631633133858300971e+04
6.552103532672254005e+03 1.784200504771907799e+04
6.554684919299862486e+03 2.211823448412174548e+04
6.557266372424615838e+03 2.539721596524538836e+04
6.559847892159245021e+03 3.131067286620876985e+04
6.562429478616533743e+03 4.657777984466002817e+04
6.565011131909312098e+03 6.137693017921647697e+04
6.567592852150461113e+03 6.844072533541542361e+04
6.570174639452914562e+03 1.285987100847243273e+05
6.572756493929651697e+03 6.665389803474318236e+06
6.575338415693704519e+03 1.580502531586763263e+07
6.577920404858151414e+03 7.108266212756936438e+06
6.580502461536123519e+03 3.125885089957701275e+05
6.583084585840801083e+03 7.326701925499968638e+04
6.585666777885412557e+03 5.809796843856791384e+04
6.588249037783238236e+03 4.897268380572234310e+04
6.590831365647604798e+03 3.582615213607245096e+04
6.593413761591893490e+03 2.659463552884671662e+04
6.595996225729530124e+03 2.218908269047682552e+04
6.598578758173994174e+03 2.106789391297865222e+04
6.601161359038812407e+03 1.980315395058633658e+04
6.603744028437563429e+03 1.783883725041269281e+04
6.606326766483873143e+03 1.694766986987974815e+04
6.608909573291419292e+03 1.635930082050917554e+04
6.611492448973926912e+03 1.537217107857234987e+04
6.614075393645172880e+03 1.517913728845235346e+04
6.616658407418983188e+03 1.516948427230972629e+04
6.619241490409233847e+03 1.479778570904072876e+04
6.621824642729849074e+03 1.471532971009132780e+04
6.624407864494804016e+03 1.499090133372702985e+04
6.626991155818124753e+03 1.538933675691022108e+04
6.629574516813883747e+03 1.550830673105146889e+04
6.632157947596206213e+03 1.517571608707701307e+04
6.634741448279264660e+03 1.286905811036625528e+04
6.637325018977282525e+03 1.032614495495468873e+04
6.639908659804536001e+03 9.359953901926321123e+03
6.642492370875344932e+03 8.911330756164490595e+03
6.645076152304081916e+03 9.342423394735627880e+03
6.647660004205170480e+03 9.688603662956385961e+03
6.650243926693082358e+03 9.515451078392228737e+03
6.652827919882338392e+03 8.691166613339830292e+03
6.655411983887510360e+03 8.174802147610650536e+03
6.657996118823220058e+03 8.385579703559322297e+03
6.660580324804137490e+03 8.752521024562463936e+03
6.663164601944981769e+03 8.366284847640896260e+03
6.665748950360526578e+03 8.250079813226713668e+03
6.668333370165588349e+03 8.509304585975150985e+03
6.670917861475038080e+03 8.126137846886084844e+03
6.673502424403795885e+03 8.200578071079964502e+03
6.676087059066829170e+03 8.043823300888009726e+03
6.678671765579157181e+03 8.161260735486062003e+03
6.681256544055848281e+03 7.862884865635513961e+03
6.683841394612019940e+03 7.643414506206510850e+03
6.686426317362841473e+03 7.578942720245952842e+03
6.689011312423528580e+03 7.929052525333994708e+03
6.691596379909349707e+03 8.162119075958778012e+03
6.694181519935621509e+03 7.662024890458100344e+03
6.696766732617709749e+03 7.342960551463944284e+03
6.699352018071031125e+03 7.088314510873690779e+03
6.701937376411052355e+03 7.693674258132853538e+03
6.704522807753288362e+03 7.588708037949712889e+03
6.707108312213304089e+03 8.464304024991954066e+03
6.709693889906715413e+03 9.141698757463091169e+03
6.712279540949186412e+03 8.493722841689013876e+03
6.714865265456432098e+03 7.945917932226662742e+03
6.717451063544216595e+03 7.874379352619696874e+03
6.720036935328353138e+03 7.559305247932047678e+03
6.722622880924705896e+03 7.525010902271309533e+03
6.725208900449188150e+03 7.197006464633536780e+03
6.727794994017762292e+03 7.746420315216123527e+03
6.730381161746442558e+03 7.886073517518534572e+03
6.732967403751289567e+03 7.819506690166010230e+03
6.735553720148415778e+03 7.664655620504554463e+03
6.738140111053983674e+03 7.429132842768372939e+03
6.740726576584203940e+03 7.361470061395501034e+03
6.743313116855337285e+03 6.913760406209570647e+03
6.745899731983696256e+03 7.034196283347780081e+03
6.748486422085641607e+03 6.791267549992979184e+03
6.751073187277580473e+03 7.087718245988350645e+03
6.753660027675976380e+03 6.728319087792696337e+03
6.756246943397336508e+03 6.601702170463225229e+03
6.758833934558220790e+03 6.578364788177008450e+03
6.761421001275240087e+03 6.555821071461830797e+03
6.764008143665050738e+03 6.731255983894142446e+03
6.766595361844362742e+03 6.929702646866655414e+03
6.769182655929933389e+03 7.692551543916186347e+03
6.771770026038571814e+03 7.110484634852062300e+03
6.774357472287134442e+03 6.369615512777359072e+03
6.776944994792528632e+03 6.360099223300256199e+03
6.779532593671710856e+03 6.342832760916517145e+03
6.782120269041690335e+03 6.390295147619127420e+03
6.784708021019519947e+03 6.642695895291177294e+03
6.787295849722308049e+03 6.404241305901136002e+03
6.789883755267210290e+03 6.238236636628986162e+03
6.792471737771430526e+03 6.246831836187056069e+03
6.795059797352225360e+03 6.366629347849372607e+03
6.797647934126900509e+03 6.052934775705014545e+03
6.800236148212808075e+03 5.988234104949802713e+03
6.802824439727354729e+03 6.144646163246723518e+03
6.805412808787992617e+03 6.324160273666637295e+03
6.808001255512226635e+03 6.240929700406173652e+03
6.810589780017609883e+03 6.163071871146778903e+03
6.813178382421745482e+03 5.805930611510216295e+03
6.815767062842285668e+03 6.085105742854228993e+03
6.818355821396933607e+03 6.783888819100336150e+03
6.820944658203440667e+03 6.697622374589252104e+03
6.823533573379609152e+03 6.384781867467847405e+03
6.826122567043291383e+03 6.140859091032248216e+03
6.828711639312386978e+03 6.702402500299310304e+03
6.831300790304849215e+03 6.786346126336772613e+03
6.833890020138676846e+03 6.965632292886194591e+03
6.836479328931920463e+03 6.868697458632499547e+03
6.839068716802681593e+03 6.664546487753498695e+03
6.841658183869109052e+03 6.446739331810474141e+03
6.844247730249400774e+03 6.660951985725478153e+03
6.846837356061809260e+03 6.532438058997417102e+03
6.849427061424630665e+03 6.597312953606612609e+03
6.852016846456214807e+03 7.353994942860219453e+03
6.854606711274958798e+03 7.561987541946679812e+03
6.857196655999312497e+03 6.414105432060730891e+03
6.859786680747773062e+03 6.356044712590412018e+03
6.862376785638885849e+03 5.860102251482662723e+03
6.864966970791250787e+03 5.998292644505905628e+03
6.867557236323513280e+03 5.856232413212368556e+03
6.870147582354369661e+03 5.526880588846670435e+03
6.872738009002566287e+03 5.583243113292354792e+03
6.875328516386898627e+03 5.262153582169711626e+03
6.877919104626213993e+03 5.498224953988462403e+03
6.880509773839406080e+03 5.675826501793429088e+03
6.883100524145420422e+03 5.217985282592077056e+03
6.885691355663251670e+03 5.397829971911169196e+03
6.888282268511943585e+03 5.387895886776167572e+03
6.890873262810590859e+03 5.435610628011379958e+03
6.893464338678337299e+03 4.891879627287282347e+03
6.896055496234376733e+03 4.775102910727867311e+03
6.898646735597951192e+03 5.234128537651821716e+03
6.901238056888355459e+03 5.026984818490579528e+03
6.903829460224929790e+03 4.842324787869521060e+03
6.906420945727068101e+03 4.871027933305991610e+03
6.909012513514213424e+03 4.982980234843255857e+03
6.911604163705854262e+03 4.975124310553031137e+03
6.914195896421534599e+03 4.977611249541530015e+03
6.916787711780843892e+03 4.957563555126520441e+03
6.919379609903424353e+03 4.584290261679357172e+03
6.921971590908966391e+03 4.725998795057606003e+03
6.924563654917208623e+03 4.781796127434634400e+03
6.927155802047943325e+03 4.412429387745786698e+03
6.929748032421008247e+03 4.405126517610819064e+03
6.932340346156292981e+03 4.164005481484812663e+03
6.934932743373736230e+03 4.213213241077890416e+03
6.937525224193328540e+03 4.273862433768666051e+03
6.940117788735105933e+03 4.255381033052596649e+03
6.942710437119158087e+03 4.147303913694828225e+03
6.945303169465621977e+03 4.009249588569627122e+03
6.947895985894686419e+03 3.881983071347115583e+03
6.950488886526586612e+03 4.002902502418307449e+03
6.953081871481611415e+03 4.395117884402795426e+03
6.955674940880095164e+03 4.081702708821289434e+03
6.958268094842427672e+03 3.744165574772513992e+03
6.960861333489040589e+03 3.740256048612791801e+03
6.963454656940422865e+03 4.223348754107062632e+03
6.966048065317108922e+03 4.108206013112238907e+03
6.968641558739684115e+03 3.980907135294888121e+03
6.971235137328782002e+03 3.940152704520782663e+03
6.973828801205088894e+03 4.016413509632648584e+03
6.976422550489336572e+03 3.989665855664204628e+03
6.979016385302312301e+03 3.502165576668709491e+03
6.981610305764846998e+03 3.257699043437991804e+03
6.984204311997826153e+03 3.278790614431951326e+03
6.986798404122179818e+03 3.116446858604319004e+03
6.989392582258893526e+03 2.943323574349815317e+03
6.991986846528997376e+03 2.903339748996418166e+03
6.994581197053576034e+03 2.763541416376911002e+03
6.997175633953758734e+03 2.501551672291905561e+03
6.999770157350729278e+03 2.732874806422332767e+03
7.002364767365716943e+03 3.022507400961865187e+03
7.004959464120003759e+03 2.449391346161654837e+03
7.007554247734919954e+03 2.668119050845721176e+03
7.010149118331846694e+03 2.310168790303840979e+03
7.012744076032212433e+03 4.303601285874497989e+03
7.015339120957498380e+03 5.326888840833200447e+03
7.017934253229232127e+03 3.289369837603210726e+03
7.020529472968994014e+03 2.219978603739080881e+03
7.023124780298414407e+03 2.601032373389840814e+03
7.025720175339169145e+03 2.900047076611116154e+03
7.028315658212986818e+03 2.432052368939441294e+03
7.030911229041646948e+03 2.274985119397310427e+03
7.033506887946976349e+03 2.490028845580334291e+03
7.036102635050850949e+03 2.681303799182397142e+03
7.038698470475200338e+03 2.844213870427191523e+03
7.041294394341999578e+03 2.781989088013754099e+03
7.043890406773275572e+03 3.466764931238532427e+03
7.046486507891104338e+03 3.568596923495181727e+03
7.049082697817611916e+03 3.444213436394193650e+03
7.051678976674972546e+03 3.022648357797728750e+03
7.054275344585413222e+03 3.052282155255430098e+03
7.056871801671208232e+03 2.738738880720419274e+03
7.059468348054680973e+03 3.079834925409889365e+03
7.062064983858208507e+03 3.237227256705299624e+03
7.064661709204212457e+03 3.136660566767286127e+03
7.067258524215167199e+03 2.187169132886417174e+03
7.069855429013596222e+03 2.084206303920886057e+03
7.072452423722073036e+03 2.460591764774752392e+03
7.075049508463220263e+03 2.473393495518346754e+03
7.077646683359709641e+03 2.319987246803521430e+03
7.080243948534263836e+03 2.065187845528286744e+03
7.082841304109655539e+03 1.847370684008510352e+03
7.085438750208706551e+03 2.003313034158320306e+03
7.088036286954286879e+03 2.052486424670411452e+03
7.090633914469317460e+03 1.635523833186489128e+03
7.093231632876770163e+03 1.859458226431043613e+03
7.095829442299665970e+03 1.919290788001025930e+03
7.098427342861073157e+03 1.937003198710595143e+03
7.101025334684112750e+03 1.963819191119681136e+03
7.103623417891953068e+03 1.609433139563231407e+03
7.106221592607815182e+03 2.226682100073162019e+03
7.108819858954966548e+03 2.574664873039293525e+03
7.111418217056725553e+03 1.899046066614559322e+03
7.114016667036463332e+03 1.718949854354531908e+03
7.116615209017594680e+03 1.940665077999414279e+03
7.119213843123588049e+03 2.319750850649063977e+03
7.121812569477961006e+03 1.832591640312356276e+03
7.124411388204282048e+03 2.545629486437909236e+03
7.127010299426166966e+03 2.548554022230786359e+03
7.129609303267281575e+03 2.139229795427739191e+03
7.132208399851343529e+03 1.916363901088047896e+03
7.134807589302117776e+03 1.817673226369383428e+03
7.137406871743420197e+03 1.714815763491373673e+03
7.140006247299115785e+03 1.527493890003632941e+03
7.142605716093119554e+03 1.655834564295067821e+03
7.145205278249397452e+03 1.578145365775119672e+03
7.147804933891963628e+03 1.579623154409122662e+03
7.150404683144881346e+03 1.831258724992509997e+03
7.153004526132264800e+03 2.346495603446604946e+03
7.155604462978277297e+03 1.539522890579509067e+03
7.158204493807132167e+03 1.872439462077644521e+03
7.160804618743091851e+03 1.640359118809775737e+03
7.163404837910471542e+03 1.963842459427424046e+03
7.166005151433630090e+03 2.218809281033974912e+03
7.168605559436980911e+03 2.425535193119564610e+03
7.171206062044986538e+03 2.397387871824432295e+03
7.173806659382158614e+03 2.177027686963398992e+03
7.176407351573056076e+03 1.812734535100127914e+03
7.179008138742292431e+03 2.067916990270744009e+03
7.181609021014525752e+03 3.075327545722989726e+03
7.184209998514467770e+03 2.807731279060830275e+03
7.186811071366877513e+03 1.997938075334194536e+03
7.189412239696566758e+03 2.168526364493473466e+03
7.192013503628392755e+03 3.059458361015521405e+03
7.194614863287265507e+03 2.791894962745749581e+03
7.197216318798142311e+03 3.336170252351455929e+03
7.199817870286033212e+03 2.977744065590954506e+03
7.202419517875996462e+03 2.070134212208415192e+03
7.205021261693138513e+03 1.887215698067986523e+03
7.207623101862618569e+03 3.414035952998084667e+03
7.210225038509641308e+03 3.321494229656719199e+03
7.212827071759466889e+03 2.411440694120523403e+03
7.215429201737400035e+03 2.949308668310085068e+03
7.218031428568797310e+03 2.839788859979869812e+03
7.220633752379065299e+03 2.438153159066444459e+03
7.223236173293658794e+03 3.196659236945958128e+03
7.225838691438084425e+03 2.684587578033360387e+03
7.228441306937896115e+03 3.010338552448518385e+03
7.231044019918699632e+03 2.835678503873695263e+03
7.233646830506149854e+03 2.715653376100967307e+03
7.236249738825948953e+03 3.232910542469173379e+03
7.238852745003854579e+03 3.303822276257447356e+03
7.241455849165666223e+03 4.191513899661772484e+03
7.244059051437239759e+03 4.830141308612505782e+03
7.246662351944478360e+03 3.889857114767343319e+03
7.249265750813333398e+03 3.452281509541282958e+03
7.251869248169808998e+03 4.412617344760456945e+03
7.254472844139954759e+03 5.500267298426697380e+03
7.257076538849874851e+03 4.817589313139966180e+03
7.259680332425719826e+03 3.995001471549644521e+03
7.262284224993691168e+03 3.399556427896495734e+03
7.264888216680040387e+03 5.283304066482625785e+03
7.267492307611067190e+03 7.285687395396209467e+03
7.270096497913122221e+03 3.683064555146915154e+03
7.272700787712606143e+03 3.672125745478064800e+03
7.275305177135967824e+03 4.481952069281652257e+03
7.277909666309707973e+03 3.333435829563335574e+03
7.280514255360373681e+03 4.434151275588181306e+03
7.283118944414565703e+03 5.861109760247509257e+03
7.285723733598932085e+03 3.597678528752061084e+03
7.288328623040170896e+03 2.692109036899700186e+03
7.290933612865030227e+03 2.574086647681280283e+03
7.293538703200307282e+03 2.719994146105927030e+03
7.296143894172850196e+03 2.409485106008314233e+03
7.298749185909555308e+03 2.666412827113756066e+03
7.301354578537369889e+03 3.675109793581265421e+03
7.303960072183290322e+03 3.006108786592183151e+03
7.306565666974362102e+03 2.642358120661806424e+03
7.309171363037681658e+03 3.518311846919415075e+03
7.311777160500394530e+03 2.837152114216156406e+03
7.314383059489697189e+03 2.673285721447261949e+03
7.316989060132831582e+03 2.290304510291073257e+03
7.319595162557096046e+03 3.042509110985987263e+03
7.322201366889831661e+03 4.001412139905904951e+03
7.324807673258434988e+03 3.632486583728694768e+03
7.327414081790348064e+03 3.097094695393963320e+03
7.330020592613064764e+03 2.741149951002079433e+03
7.332627205854128988e+03 2.942307673129167142e+03
7.335233921641133747e+03 1.635403233779409447e+03
7.337840740101720257e+03 1.961908827641585731e+03
7.340447661363581574e+03 3.172778794984735669e+03
7.343054685554459866e+03 2.807309380280494679e+03
7.345661812802145505e+03 2.086598301967016596e+03
7.348269043234482524e+03 2.021815044473416492e+03
7.350876376979359520e+03 1.537795912125288851e+03
7.353483814164717842e+03 1.606908619737019990e+03
7.356091354918548859e+03 1.806789576184301950e+03
7.358698999368891236e+03 1.898293923716412110e+03
7.361306747643837298e+03 3.378994389773611147e+03
7.363914599871523933e+03 5.520942516803213948e+03
7.366522556180142601e+03 4.155972729949975474e+03
7.369130616697930236e+03 2.930531687035921095e+03
7.371738781553176523e+03 2.587620737004715920e+03
7.374347050874219349e+03 2.367654274076680395e+03
7.376955424789448443e+03 2.526225351358073112e+03
7.379563903427299920e+03 2.511438184088690832e+03
7.382172486916261732e+03 2.604402147557201715e+03
7.384781175384870949e+03 2.616980108919160102e+03
7.387389968961713748e+03 2.651208051143956709e+03
7.389998867775428153e+03 2.229169880214731620e+03
7.392607871954700386e+03 1.774107229895848377e+03
7.395216981628265785e+03 1.707129394262617552e+03
7.397826196924908800e+03 1.863972104034510267e+03
7.400435517973466631e+03 1.647524072164051859e+03
7.403044944902824682e+03 1.663186324652353960e+03
7.405654477841915650e+03 1.807529094866203195e+03
7.408264116919726803e+03 3.269802733649961283e+03
7.410873862265289063e+03 3.184568994626381482e+03
7.413483714007688832e+03 2.168793631718113829e+03
7.416093672276057987e+03 1.659830640615281936e+03
7.418703737199582065e+03 1.862390993335211078e+03
7.421313908907492078e+03 2.097174633970196737e+03
7.423924187529069968e+03 1.466733512144216320e+03
7.426534573193651340e+03 1.666718480735510866e+03
7.429145066030614544e+03 1.373644234927350453e+03
7.431755666169395226e+03 1.707581221662622966e+03
7.434366373739471783e+03 2.442954774085258123e+03
7.436977188870376267e+03 2.079267609722310226e+03
7.439588111691689846e+03 1.604716192953819700e+03
7.442199142333042801e+03 1.863746765409722684e+03
7.444810280924116341e+03 2.376300072916175395e+03
7.447421527594638974e+03 2.822649018484737098e+03
7.450032882474391954e+03 2.196229477962597684e+03
7.452644345693202922e+03 1.825007949305696911e+03
7.455255917380952269e+03 2.041156023623081410e+03
7.457867597667568589e+03 2.006537434966083538e+03
7.460479386683029588e+03 3.938000181555030849e+03
7.463091284557365725e+03 4.319499213666078504e+03
7.465703291420651112e+03 3.156585168895072457e+03
7.468315407403017161e+03 2.064817641154277680e+03
7.470927632634638030e+03 2.952890820841748337e+03
7.473539967245742446e+03 3.075510063186881325e+03
7.476152411366607339e+03 2.742883552188683097e+03
7.478764965127558753e+03 2.523643066846618240e+03
7.481377628658971844e+03 2.571751606141325738e+03
7.483990402091272699e+03 2.787912474576215118e+03
7.486603285554938338e+03 2.861835595938267033e+03
7.489216279180493075e+03 4.537804700937112102e+03
7.491829383098510334e+03 3.592669581690602627e+03
7.494442597439617202e+03 2.575010416629786050e+03
7.497055922334486240e+03 2.045965986927651784e+03
7.499669357913840940e+03 2.024036992695446088e+03
7.502282904308458455e+03 2.407250964884454334e+03
7.504896561649156865e+03 -3.461796169321905381e+03
