# Wavelength (A) 	 Flux
3.927860673711374147e+03 2.900703093469914794e+07
3.930417089833339105e+03 2.785001320625957847e+07
3.932973522176956067e+03 2.568159822544840351e+07
3.935529970682922794e+03 2.295596668407251686e+07
3.938086435292151236e+03 1.976934110348756611e+07
3.940642915945767982e+03 1.749255649279666692e+07
3.943199412585114715e+03 1.773223696667617932e+07
3.945755925151746851e+03 2.005526390204060450e+07
3.948312453587433993e+03 2.262621591106611863e+07
3.950868997834161291e+03 2.526558344180496410e+07
3.953425557834128085e+03 2.771733200434236601e+07
3.955982133529746989e+03 2.988466691815805808e+07
3.958538724863646621e+03 3.159762994548032805e+07
3.961095331778669333e+03 3.232349371567894891e+07
3.963651954217872571e+03 3.234355525383883342e+07
3.966208592124526604e+03 3.124799133767573908e+07
3.968765245442118612e+03 2.861239097807794064e+07
3.971321914114348147e+03 2.507417049462974817e+07
3.973878598085130307e+03 2.065926136947814003e+07
3.976435297298594378e+03 1.817315838109252602e+07
3.978992011699084287e+03 1.897649840464960784e+07
3.981548741231158601e+03 2.251441165072884783e+07
3.984105485839589164e+03 2.728266781507625431e+07
3.986662245469364279e+03 3.140599465818281844e+07
3.989219020065685072e+03 3.362646276706898957e+07
3.991775809573967308e+03 3.431394231669080257e+07
3.994332613939842304e+03 3.489777004872383922e+07
3.996889433109155107e+03 3.584426219468345493e+07
3.999446267027965405e+03 3.687356148778147995e+07
4.002003115642547073e+03 3.708138251225173473e+07
4.004559978899388170e+03 3.638643455296596885e+07
4.007116856745192763e+03 3.662573676890821010e+07
4.009673749126877283e+03 3.751049534666467458e+07
4.012230655991574622e+03 3.642504224738018215e+07
4.014787577286630494e+03 3.519467239852371812e+07
4.017344512959606163e+03 3.574928717392457277e+07
4.019901462958277079e+03 3.680205008225587010e+07
4.022458427230633333e+03 3.692253045468507707e+07
4.025015405724878747e+03 3.652289376502221078e+07
4.027572398389432237e+03 3.629503824704549462e+07
4.030129405172927363e+03 3.636749866804398596e+07
4.032686426024211414e+03 3.604841980716355145e+07
4.035243460892347230e+03 3.619884068833278120e+07
4.037800509726611381e+03 3.505592308703679591e+07
4.040357572476494624e+03 3.229770146933129057e+07
4.042914649091703268e+03 3.171026172571608424e+07
4.045471739522156895e+03 3.400710536870084703e+07
4.048028843717990640e+03 3.481736207558676600e+07
4.050585961629552912e+03 3.361176781716431677e+07
4.053143093207407674e+03 2.985339317587041110e+07
4.055700238402333071e+03 2.861018591839147732e+07
4.058257397165321436e+03 3.138313439712826535e+07
4.060814569447580197e+03 3.185827202462778613e+07
4.063371755200530060e+03 3.031829115553227067e+07
4.065928954375807280e+03 2.901627910480701551e+07
4.068486166925262296e+03 2.927159706711423770e+07
4.071043392800959737e+03 2.809570388818554208e+07
4.073600631955179779e+03 2.676626350262575224e+07
4.076157884340415421e+03 2.839313054806224629e+07
4.078715149909375214e+03 2.881179433020244539e+07
4.081272428614981891e+03 2.806412310924469680e+07
4.083829720410372829e+03 2.783374142724642158e+07
4.086387025248899590e+03 2.646863326921902969e+07
4.088944343084128832e+03 2.757432604350743443e+07
4.091501673869840488e+03 2.856080886581812426e+07
4.094059017560030497e+03 2.777526860032750666e+07
4.096616374108907621e+03 2.890588552522635460e+07
4.099173743470896625e+03 2.926815598254497349e+07
4.101731125600636005e+03 2.831122306034956127e+07
4.104288520452978446e+03 2.678855860535415635e+07
4.106845927982992180e+03 2.517745320756118000e+07
4.109403348145958262e+03 2.262321326059378311e+07
4.111960780897374207e+03 2.180492926940412819e+07
4.114518226192950351e+03 2.466192506739526242e+07
4.117075683988611672e+03 2.617677521652075648e+07
4.119633154240498698e+03 2.626359789030823484e+07
4.122190636904965686e+03 2.708139451602256671e+07
4.124748131938581537e+03 2.810189999093424529e+07
4.127305639298129790e+03 2.725949203030358255e+07
4.129863158940607718e+03 2.655192746306024864e+07
4.132420690823228142e+03 2.686062319674134627e+07
4.134978234903416705e+03 2.650961999154142663e+07
4.137535791138815512e+03 2.592381558565514162e+07
4.140093359487280395e+03 2.492533299786435068e+07
4.142650939906881831e+03 2.411104164293190464e+07
4.145208532355903117e+03 2.570951724276110902e+07
4.147766136792844009e+03 2.735000061862430349e+07
4.150323753176418904e+03 2.639754353993534669e+07
4.152881381465554114e+03 2.431658357520535961e+07
4.155439021619394225e+03 2.516263888541170582e+07
4.157996673597294830e+03 2.599690275452980027e+07
4.160554337358827979e+03 2.558827342642266303e+07
4.163112012863779455e+03 2.496505956706304848e+07
4.165669700072149681e+03 2.460846546075726673e+07
4.168227398944153720e+03 2.567738798321707547e+07
4.170785109440220367e+03 2.702088909965756908e+07
4.173342831520994878e+03 2.767315384160363674e+07
4.175900565147334419e+03 2.668084630965644121e+07
4.178458310280311707e+03 2.624537097485781461e+07
4.181016066881214101e+03 2.509344270231088623e+07
4.183573834911544509e+03 2.423582021154006198e+07
4.186131614333017751e+03 2.507461717306934670e+07
4.188689405107564198e+03 2.573064465690103546e+07
4.191247207197331591e+03 2.567243515465532243e+07
4.193805020564676852e+03 2.554856860271991789e+07
4.196362845172175184e+03 2.506346790924452618e+07
4.198920680982614613e+03 2.528207487852252275e+07
4.201478527958999621e+03 2.706133965669287369e+07
4.204036386064546605e+03 2.679894224025102705e+07
4.206594255262687511e+03 2.481588340296779573e+07
4.209152135517069837e+03 2.409978216126221046e+07
4.211710026791552991e+03 2.496059542430361733e+07
4.214267929050214661e+03 2.670009509549978375e+07
4.216825842257342629e+03 2.817587404422244057e+07
4.219383766377442043e+03 2.839635454643617198e+07
4.221941701375231787e+03 2.865212015807093307e+07
4.224499647215645382e+03 2.768938904013952240e+07
4.227057603863830082e+03 2.731659097565004602e+07
4.229615571285148690e+03 2.899859203355765343e+07
4.232173549445178651e+03 2.819642775542235002e+07
4.234731538309709322e+03 2.384048497947406024e+07
4.237289537844748338e+03 2.350048585880029574e+07
4.239847548016515248e+03 2.799002431357922032e+07
4.242405568791444239e+03 2.875976904529516026e+07
4.244963600136185050e+03 2.705724961480784789e+07
4.247521642017600243e+03 2.660699673486858606e+07
4.250079694402768837e+03 2.785542861010539904e+07
4.252637757258983584e+03 2.909192938970879838e+07
4.255195830553751875e+03 2.904496377350195497e+07
4.257753914254793017e+03 2.719482575745223090e+07
4.260312008330045501e+03 2.691539139417832345e+07
4.262870112747658823e+03 2.787837938232414424e+07
4.265428227475997119e+03 2.849427748457796499e+07
4.267986352483641895e+03 2.784506025335572660e+07
4.270544487739384749e+03 2.688361888261326775e+07
4.273102633212234650e+03 2.926021448798052222e+07
4.275660788871415207e+03 3.064343096915311739e+07
4.278218954686363759e+03 2.870226990064622834e+07
4.280777130626730468e+03 2.553900670697170496e+07
4.283335316662383775e+03 2.502118673482658342e+07
4.285893512763403123e+03 2.797672277069410309e+07
4.288451718900083506e+03 2.939173827474942431e+07
4.291009935042935467e+03 2.883938496220258996e+07
4.293568161162683282e+03 2.857101839007790759e+07
4.296126397230264047e+03 2.757027438888577372e+07
4.298684643216832228e+03 2.622600719913311675e+07
4.301242899093755113e+03 2.653775356422807276e+07
4.303801164832614631e+03 2.749498769081374630e+07
4.306359440405207351e+03 2.557249659019665048e+07
4.308917725783544483e+03 2.223435643330501392e+07
4.311476020939850969e+03 2.090110158212897554e+07
4.314034325846567299e+03 2.142974167673340812e+07
4.316592640476347697e+03 2.071500984950307012e+07
4.319150964802061026e+03 2.015347592435635626e+07
4.321709298796789881e+03 2.277446469803771004e+07
4.324267642433834226e+03 2.815269233951188624e+07
4.326825995686704118e+03 3.307045392153106630e+07
4.329384358529127894e+03 3.404039158505212516e+07
4.331942730935045802e+03 3.060994486955928802e+07
4.334501112878613640e+03 2.663330259660992026e+07
4.337059504334202757e+03 2.824438047338633239e+07
4.339617905276396414e+03 3.225101296414871141e+07
4.342176315679995241e+03 3.326377908386253193e+07
4.344734735520010872e+03 3.221981964873137325e+07
4.347293164771673219e+03 2.819672237108412758e+07
4.349851603410424104e+03 2.463796035433252156e+07
4.352410051411921813e+03 2.629884688974726200e+07
4.354968508752035632e+03 2.992818476741060987e+07
4.357526975406853126e+03 3.184717722346821427e+07
4.360085451352673772e+03 3.096344321759841591e+07
4.362643936566014418e+03 2.972886793669668585e+07
4.365202431023602003e+03 3.086742814153954759e+07
4.367760934702382656e+03 3.208016766241355985e+07
4.370319447579513508e+03 3.285525543409356475e+07
4.372877969632367240e+03 3.398544035417522490e+07
4.375436500838532083e+03 3.407212195566173643e+07
4.377995041175810002e+03 3.320240179064975679e+07
4.380553590622215779e+03 3.238482962249334902e+07
4.383112149155981569e+03 3.132560765977691859e+07
4.385670716755551439e+03 3.101946769623864442e+07
4.388229293399585913e+03 3.206328361623086408e+07
4.390787879066960159e+03 3.033310928106202558e+07
4.393346473736760345e+03 2.679656162096841633e+07
4.395905077388291829e+03 2.720546880132392421e+07
4.398463690001070972e+03 2.973651605820060894e+07
4.401022311554829685e+03 3.045703651804709435e+07
4.403580942029515427e+03 3.109943332065516710e+07
4.406139581405289391e+03 3.196786215684078261e+07
4.408698229662525591e+03 3.221478433959887177e+07
4.411256886781815410e+03 3.102690540230703354e+07
4.413815552743963053e+03 2.978639468225409463e+07
4.416374227529986456e+03 2.997016392299944907e+07
4.418932911121120924e+03 3.217742720102922991e+07
4.421491603498812765e+03 3.391759258218343556e+07
4.424050304644723838e+03 3.329497954108447209e+07
4.426609014540732460e+03 3.290412850320909917e+07
4.429167733168929772e+03 3.437237071611670405e+07
4.431726460511620644e+03 3.463155932682460546e+07
4.434285196551325498e+03 3.387347390562724322e+07
4.436843941270779396e+03 3.399222772617778927e+07
4.439402694652932041e+03 3.411485475354202837e+07
4.441961456680945957e+03 3.340333003347956389e+07
4.444520227338200129e+03 3.268305237672260031e+07
4.447079006608287273e+03 3.355361010425554216e+07
4.449637794475012925e+03 3.432382683407320082e+07
4.452196590922400901e+03 3.348712921852529794e+07
4.454755395934686021e+03 3.369662639213835448e+07
4.457314209496318654e+03 3.451776494267912954e+07
4.459873031591963809e+03 3.450510214647272229e+07
4.462431862206501137e+03 3.331827370458106324e+07
4.464990701325024929e+03 3.145406116122350842e+07
4.467549548932843209e+03 3.069501362339713797e+07
4.470108405015479548e+03 3.117658472069035843e+07
4.472667269558670341e+03 3.215617551643408462e+07
4.475226142548367534e+03 3.330918688128855452e+07
4.477785023970737711e+03 3.360106765678612143e+07
4.480343913812161190e+03 3.391559227520082891e+07
4.482902812059234748e+03 3.507963497079463303e+07
4.485461718698766163e+03 3.591008617703323811e+07
4.488020633717781493e+03 3.522724886656558514e+07
4.490579557103517800e+03 3.372101426453242451e+07
4.493138488843428604e+03 3.379884655923700333e+07
4.495697428925182066e+03 3.517222689904620498e+07
4.498256377336660080e+03 3.493979157302044332e+07
4.500815334065959178e+03 3.429396050145682693e+07
4.503374299101390534e+03 3.429599404092235118e+07
4.505933272431479054e+03 3.456924186881697178e+07
4.508492254044965193e+03 3.509641494994221628e+07
4.511051243930804048e+03 3.570929464916591346e+07
4.513610242078163537e+03 3.646796780452772975e+07
4.516169248476428038e+03 3.696344097403342277e+07
4.518728263115194750e+03 3.675091355241831392e+07
4.521287285984275513e+03 3.617463569142147899e+07
4.523846317073698629e+03 3.539987071731309593e+07
4.526405356373705217e+03 3.499582984517842531e+07
4.528964403874749223e+03 3.513360031332896650e+07
4.531523459567502869e+03 3.499391426263967901e+07
4.534082523442850288e+03 3.387130945423980057e+07
4.536641595491891167e+03 3.216147737566922233e+07
4.539200675705938011e+03 3.131015848608739302e+07
4.541759764076519787e+03 3.157936324209311977e+07
4.544318860595379192e+03 3.224629652434109151e+07
4.546877965254472656e+03 3.354834848243577033e+07
4.549437078045973067e+03 3.472842423615328968e+07
4.551996198962265225e+03 3.468284750368190557e+07
4.554555327995950393e+03 3.414237166562248021e+07
4.557114465139842650e+03 3.330555982636582106e+07
4.559673610386973451e+03 3.276647514556510746e+07
4.562232763730584338e+03 3.275614368361418694e+07
4.564791925164135137e+03 3.311844238182105869e+07
4.567351094681298491e+03 3.391972711690863967e+07
4.569910272275962598e+03 3.483585077832759172e+07
4.572469457942227564e+03 3.447181263751336187e+07
4.575028651674410867e+03 3.367164724446453154e+07
4.577587853467043715e+03 3.380980600785749406e+07
4.580147063314870138e+03 3.409515041564504057e+07
4.582706281212851536e+03 3.403638697726833820e+07
4.585265507156160311e+03 3.430007959943582118e+07
4.587824741140186234e+03 3.383627324555312097e+07
4.590383983160531898e+03 3.259057202732989192e+07
4.592943233213016356e+03 3.190606085020111501e+07
4.595502491293669664e+03 3.224849687516533583e+07
4.598061757398740156e+03 3.305187392211458832e+07
4.600621031524688078e+03 3.326649463287288696e+07
4.603180313668188319e+03 3.271567845943515375e+07
4.605739603826132225e+03 3.241210306668256223e+07
4.608298901995623964e+03 3.240114279810108989e+07
4.610858208173982348e+03 3.235680120118053630e+07
4.613417522358740825e+03 3.253901552471853793e+07
4.615976844547647488e+03 3.301959468849679828e+07
4.618536174738665068e+03 3.354253347042135149e+07
4.621095512929969118e+03 3.345689172912603617e+07
4.623654859119951652e+03 3.300914810040239617e+07
4.626214213307219325e+03 3.289556818904078752e+07
4.628773575490590702e+03 3.285303149958427623e+07
4.631332945669102628e+03 3.294176882267522439e+07
4.633892323842002952e+03 3.297958980263357237e+07
4.636451710008755072e+03 3.284248961969918013e+07
4.639011104169038845e+03 3.274626061019192636e+07
4.641570506322745132e+03 3.253082821604081988e+07
4.644129916469983073e+03 3.222617201884313673e+07
4.646689334611071899e+03 3.169354490322081745e+07
4.649248760746550033e+03 3.153974989510880411e+07
4.651808194877165988e+03 3.172388769450840354e+07
4.654367637003885648e+03 3.130761623189252242e+07
4.656927087127889536e+03 3.045253459487157315e+07
4.659486545250570089e+03 3.071234617075334862e+07
4.662046011373536203e+03 3.149314609339471906e+07
4.664605485498611415e+03 3.149746666986494511e+07
4.667164967627832993e+03 3.172290024276853725e+07
4.669724457763451937e+03 3.235807624101945385e+07
4.672283955907934796e+03 3.180153672052443773e+07
4.674843462063963671e+03 3.006087337125375867e+07
4.677402976234433481e+03 2.866248650195096433e+07
4.679962498422452882e+03 2.912491948159470409e+07
4.682522028631346984e+03 3.028957686061942950e+07
4.685081566864653723e+03 3.072958556095857918e+07
4.687641113126127493e+03 3.036899268129279092e+07
4.690200667419735510e+03 2.969789907953891158e+07
4.692760229749659629e+03 2.983721562353313714e+07
4.695319800120297259e+03 3.031053608936253935e+07
4.697879378536257718e+03 3.030964054967192933e+07
4.700438965002368604e+03 2.999631884194614366e+07
4.702998559523669428e+03 3.007371664991180971e+07
4.705558162105413430e+03 3.016855006555260718e+07
4.708117772753072131e+03 2.950187115613101050e+07
4.710677391472326235e+03 2.847212830811488256e+07
4.713237018269075634e+03 2.804527039511584491e+07
4.715796653149431222e+03 2.825983373811521381e+07
4.718356296119721264e+03 2.855368711875895783e+07
4.720915947186486846e+03 2.886967128079906851e+07
4.723475606356483695e+03 2.926170654504698887e+07
4.726035273636681268e+03 2.969359057229143754e+07
4.728594949034265483e+03 3.049504938915266842e+07
4.731154632556635988e+03 3.079734110555526987e+07
4.733714324211405255e+03 3.069604283847628906e+07
4.736274024006401305e+03 2.987444245565766096e+07
4.738833731949668618e+03 2.860403949862559885e+07
4.741393448049462677e+03 2.831912383995690569e+07
4.743953172314256335e+03 2.863261347209019214e+07
4.746512904752734357e+03 2.859669013447283581e+07
4.749072645373798878e+03 2.871942060762413964e+07
4.751632394186563943e+03 2.906075517308704555e+07
4.754192151200359149e+03 2.921782206601419672e+07
4.756751916424728734e+03 2.926732192162318528e+07
4.759311689869430666e+03 2.913251043912968412e+07
4.761871471544439373e+03 2.859801454295408726e+07
4.764431261459940288e+03 2.797259925840486586e+07
4.766991059626337119e+03 2.799004642418102548e+07
4.769550866054245489e+03 2.820065117079096660e+07
4.772110680754495661e+03 2.765509715818892792e+07
4.774670503738134357e+03 2.688571766145800054e+07
4.777230335016420213e+03 2.710875156970038638e+07
4.779790174600828323e+03 2.784760704770447686e+07
4.782350022503045693e+03 2.826757926813136414e+07
4.784909878734977610e+03 2.870169661112355068e+07
4.787469743308741272e+03 2.902348861076989025e+07
4.790029616236668517e+03 2.884143303002016991e+07
4.792589497531306733e+03 2.826384663254624233e+07
4.795149387205415223e+03 2.768277083578352630e+07
4.797709285271971567e+03 2.734256910625494272e+07
4.800269191744165255e+03 2.747430817152739316e+07
4.802829106635400422e+03 2.810385052962399647e+07
4.805389029959295840e+03 2.860593385350950062e+07
4.807948961729685834e+03 2.809681337951669097e+07
4.810508901960618459e+03 2.761654552532821894e+07
4.813068850666355502e+03 2.769245359677455202e+07
4.815628807861373389e+03 2.747679747640777379e+07
4.818188773560365007e+03 2.719397976628769562e+07
4.820748747778236066e+03 2.736898296764127538e+07
4.823308730530105095e+03 2.769289343795101345e+07
4.825868721831308903e+03 2.797983250096088275e+07
4.828428721697396213e+03 2.808035147968766093e+07
4.830988730144130386e+03 2.762705465700009465e+07
4.833548747187489425e+03 2.691793278631107882e+07
4.836108772843666884e+03 2.691449601433942467e+07
4.838668807129070046e+03 2.701931317085836083e+07
4.841228850060319928e+03 2.677741511153488979e+07
4.843788901654252186e+03 2.688394836940361932e+07
4.846348961927918936e+03 2.689250477180815116e+07
4.848909030898584206e+03 2.634732895680294931e+07
4.851469108583727575e+03 2.599561166082691401e+07
4.854029195001044172e+03 2.628560198736656457e+07
4.856589290168441039e+03 2.649316527306858078e+07
4.859149394104041676e+03 2.626503228149412200e+07
4.861709506826184224e+03 2.587742105569136888e+07
4.864269628353419648e+03 2.481259610106022283e+07
4.866829758704514461e+03 2.320540073930147290e+07
4.869389897898450727e+03 2.062984020342567936e+07
4.871950045954422421e+03 1.908052821119669825e+07
4.874510202891839981e+03 2.118346917823588103e+07
4.877070368730327573e+03 2.345024337300477549e+07
4.879630543489724005e+03 2.336580649577336013e+07
4.882190727190082725e+03 2.281865778819329292e+07
4.884750919851671824e+03 2.355644337943458930e+07
4.887311121494972213e+03 2.444915528851499036e+07
4.889871332140681261e+03 2.489956965504710749e+07
4.892431551809710982e+03 2.484307738595322147e+07
4.894991780523186208e+03 2.404352742434335500e+07
4.897552018302446413e+03 2.327204466810178757e+07
4.900112265169047532e+03 2.265472304688535258e+07
4.902672521144757411e+03 2.352742240497913957e+07
4.905232786251560356e+03 2.538470624493897334e+07
4.907793060511654403e+03 2.584122350304994360e+07
4.910353343947451322e+03 2.540582368350810930e+07
4.912913636581578430e+03 2.495128066712584719e+07
4.915473938436877688e+03 2.501620401039725915e+07
4.918034249536404786e+03 2.471375531750654429e+07
4.920594569903429147e+03 2.390876306912227720e+07
4.923154899561435741e+03 2.432420418961187080e+07
4.925715238534126001e+03 2.461333445965459570e+07
4.928275586845411453e+03 2.270054240454129875e+07
4.930835944519420082e+03 2.150218580053627118e+07
4.933396311580497240e+03 2.259958019503667206e+07
4.935956688053197468e+03 2.378234741725119203e+07
4.938517073962294489e+03 2.454255287047478184e+07
4.941077469332773035e+03 2.441563254430108517e+07
4.943637874189833383e+03 2.354461785207067430e+07
4.946198288558893182e+03 2.279554964555044845e+07
4.948758712465579265e+03 2.245888857051625848e+07
4.951319145935736742e+03 2.323297328186683729e+07
4.953879588995424456e+03 2.408115047665456682e+07
4.956440041670915889e+03 2.393676227218928561e+07
4.959000503988696437e+03 2.402578587637204304e+07
4.961560975975469773e+03 2.399074892772208899e+07
4.964121457658153304e+03 2.341242937496714666e+07
4.966681949063875436e+03 2.190650998422432691e+07
4.969242450219982857e+03 2.217037377859670669e+07
4.971802961154035074e+03 2.382029064421240240e+07
4.974363481893807148e+03 2.366537803674498945e+07
4.976924012467286957e+03 2.303830720222387090e+07
4.979484552902678843e+03 2.289672128971150517e+07
4.982045103228399967e+03 2.333108900566519424e+07
4.984605663473082132e+03 2.372682803783813119e+07
4.987166233665572690e+03 2.334326061551260203e+07
4.989726813834932727e+03 2.238991363453252614e+07
4.992287404010437967e+03 2.105104786179372296e+07
4.994848004221577867e+03 2.084570138154761121e+07
4.997408614498057432e+03 2.223353431967101246e+07
4.999969234869796310e+03 2.266079245961961523e+07
5.002529865366926970e+03 2.237397093731872365e+07
5.005090506019798340e+03 2.253052610778909177e+07
5.007651156858973081e+03 2.235355377099424973e+07
5.010211817915227584e+03 2.153819436821741238e+07
5.012772489219552881e+03 2.092288310635782406e+07
5.015333170803155554e+03 2.037287044354096428e+07
5.017893862697455916e+03 2.063475831388288736e+07
5.020454564934088921e+03 2.111705486794947460e+07
5.023015277544904166e+03 2.016703869297375903e+07
5.025576000561964975e+03 1.975931061421706155e+07
5.028136734017550225e+03 1.991595067837266997e+07
5.030697477944151615e+03 2.019724238939454034e+07
5.033258232374477302e+03 2.060906916384211555e+07
5.035818997341448267e+03 2.055960967680015042e+07
5.038379772878201948e+03 2.049059311485089734e+07
5.040940559018087697e+03 2.105941599635772035e+07
5.043501355794671326e+03 2.103363664018755406e+07
5.046062163241732378e+03 1.996538253828221187e+07
5.048622981393265036e+03 1.900910579917292297e+07
5.051183810283477214e+03 1.843706531394539401e+07
5.053744649946793288e+03 1.965680278752214462e+07
5.056305500417849544e+03 2.097681817137113586e+07
5.058866361731498728e+03 2.030191803724759817e+07
5.061427233922806408e+03 1.992496848982086405e+07
5.063988117027054614e+03 2.059082591702166572e+07
5.066549011079738193e+03 2.092229672428071126e+07
5.069109916116566637e+03 2.097404116459918022e+07
5.071670832173464987e+03 2.122631047471009940e+07
5.074231759286571105e+03 2.049434984499783441e+07
5.076792697492240222e+03 1.968449389745823666e+07
5.079353646827038574e+03 1.993934897023208067e+07
5.081914607327747945e+03 1.986027043201919645e+07
5.084475579031366578e+03 1.961683273757720366e+07
5.087036561975105542e+03 1.949681977514303476e+07
5.089597556196389633e+03 1.860848713511184976e+07
5.092158561732859198e+03 1.852560642969245836e+07
5.094719578622369227e+03 1.942107851718951017e+07
5.097280606902987529e+03 1.988708960610581189e+07
5.099841646613000194e+03 2.001141125786463544e+07
5.102402697790903403e+03 2.020002842749534920e+07
5.104963760475409799e+03 1.998588649710871652e+07
5.107524834705447574e+03 1.881856523686046526e+07
5.110085920520155923e+03 1.864177253903098777e+07
5.112647017958893230e+03 1.953708470596227795e+07
5.115208127061228879e+03 1.945916477744935453e+07
5.117769247866947808e+03 1.895912604870140925e+07
5.120330380416049593e+03 1.898161491606029496e+07
5.122891524748747543e+03 1.961103475258863345e+07
5.125452680905470515e+03 1.995268533368918672e+07
5.128013848926861101e+03 2.007662627496372908e+07
5.130575028853776530e+03 1.974664689169758558e+07
5.133136220727288674e+03 1.883395154944644123e+07
5.135697424588683134e+03 1.839805448814065754e+07
5.138258640479461974e+03 1.850955217383906618e+07
5.140819868441339167e+03 1.869891242556680366e+07
5.143381108516245149e+03 1.889019010592138767e+07
5.145942360746323175e+03 1.871149330666708201e+07
5.148503625173932960e+03 1.798915449941038340e+07
5.151064901841646133e+03 1.766726055726245418e+07
5.153626190792251691e+03 1.803977947188480943e+07
5.156187492068750544e+03 1.813071776931477711e+07
5.158748805714360060e+03 1.810535834189109132e+07
5.161310131772510431e+03 1.816880166346804798e+07
5.163871470286847398e+03 1.806176830075850710e+07
5.166432821301230433e+03 1.834564346136482060e+07
5.168994184859735469e+03 1.862120983684658259e+07
5.171555561006649441e+03 1.813569032469077781e+07
5.174116949786477562e+03 1.695007516188964993e+07
5.176678351243935140e+03 1.481284126271478832e+07
5.179239765423957579e+03 1.439613069737154618e+07
5.181801192371688558e+03 1.421239549391528405e+07
5.184362632132491854e+03 1.505173551175254025e+07
5.186924084751941336e+03 1.776357723392418772e+07
5.189485550275828246e+03 1.786417050293752179e+07
5.192047028750156642e+03 1.524155188961940818e+07
5.194608520221146136e+03 1.401288049135585129e+07
5.197170024735230072e+03 1.636158252551687323e+07
5.199731542339056432e+03 1.718578234569412097e+07
5.202293073079488749e+03 1.672211874370576628e+07
5.204854617003602471e+03 1.667172325393938273e+07
5.207416174158690410e+03 1.717977197162432596e+07
5.209977744592257295e+03 1.778362549323813245e+07
5.212539328352024313e+03 1.767534753332008421e+07
5.215100925485927291e+03 1.682130611251930892e+07
5.217662536042113970e+03 1.632532890394582786e+07
5.220224160068949459e+03 1.705475918131241202e+07
5.222785797615010779e+03 1.788682493030628189e+07
5.225347448729092321e+03 1.722245364338737726e+07
5.227909113460200388e+03 1.704745491677254066e+07
5.230470791857556833e+03 1.779153411908525601e+07
5.233032483970599060e+03 1.755801486291241646e+07
5.235594189848975475e+03 1.603062583696844056e+07
5.238155909542553673e+03 1.567144522402863950e+07
5.240717643101411340e+03 1.663372086728788540e+07
5.243279390575844445e+03 1.636768203991178609e+07
5.245841152016359956e+03 1.663458469497208856e+07
5.248402927473682212e+03 1.735830540457314998e+07
5.250964716998747463e+03 1.736760741571914777e+07
5.253526520642710238e+03 1.724735290622748435e+07
5.256088338456934252e+03 1.713125723184730858e+07
5.258650170493001497e+03 1.671469062707453966e+07
5.261212016802707694e+03 1.663964214821233973e+07
5.263773877438063209e+03 1.659229697389027663e+07
5.266335752451291228e+03 1.687642903414338082e+07
5.268897641894832304e+03 1.731830771016383544e+07
5.271459545821337997e+03 1.627167412310324423e+07
5.274021464283677233e+03 1.470401850411861017e+07
5.276583397334931760e+03 1.445078501190174930e+07
5.279145345028398879e+03 1.417139459165360592e+07
5.281707307417589618e+03 1.464421912591880932e+07
5.284269284556230559e+03 1.558024544620596617e+07
5.286831276498260195e+03 1.609221607461621426e+07
5.289393283297833477e+03 1.662663381534109451e+07
5.291955305009321819e+03 1.588031029801262915e+07
5.294517341687305816e+03 1.591158974272163026e+07
5.297079393386585252e+03 1.677403152690042183e+07
5.299641460162172734e+03 1.709753881593218073e+07
5.302203542069295509e+03 1.699451224754914641e+07
5.304765639163393644e+03 1.652427010495684855e+07
5.307327751500124577e+03 1.557782745551280305e+07
5.309889879135358569e+03 1.544038023112757504e+07
5.312452022125180520e+03 1.603967693339950591e+07
5.315014180525889060e+03 1.636612452701394632e+07
5.317576354393999281e+03 1.645160052200430445e+07
5.320138543786238188e+03 1.656561503241078556e+07
5.322700748759549242e+03 1.653760548801354691e+07
5.325262969371091458e+03 1.604690008832426928e+07
5.327825205678233942e+03 1.589545688940595090e+07
5.330387457738564081e+03 1.604610346838096343e+07
5.332949725609883899e+03 1.536224236645834707e+07
5.335512009350206426e+03 1.473588993466936611e+07
5.338074309017762062e+03 1.404928914343537949e+07
5.340636624670995843e+03 1.458204383971566334e+07
5.343198956368565632e+03 1.574062912197202444e+07
5.345761304169344839e+03 1.586225783212328702e+07
5.348323668132421517e+03 1.549181429077010974e+07
5.350886048317095629e+03 1.502599394594365917e+07
5.353448444782887236e+03 1.540559628722355515e+07
5.356010857589523766e+03 1.560376033565199748e+07
5.358573286796952743e+03 1.534772977491563186e+07
5.361135732465334513e+03 1.555971409392766654e+07
5.363698194655042244e+03 1.603694661583928205e+07
5.366260673426665562e+03 1.629570049115065485e+07
5.368823168841006918e+03 1.636201806532277539e+07
5.371385680959085221e+03 1.598100344939109683e+07
5.373948209842133110e+03 1.535233722787760012e+07
5.376510755551596958e+03 1.507151983465591818e+07
5.379073318149136867e+03 1.461774005100767873e+07
5.381635897696629399e+03 1.440102111526431702e+07
5.384198494256165759e+03 1.531809700671629235e+07
5.386761107890049971e+03 1.571939122262737714e+07
5.389323738660800700e+03 1.544651845173083432e+07
5.391886386631153073e+03 1.505375974484010227e+07
5.394449051864052308e+03 1.510594033287587017e+07
5.397011734422663721e+03 1.534801428025242686e+07
5.399574434370364543e+03 1.497657674033011496e+07
5.402137151770744822e+03 1.452615984119042754e+07
5.404699886687610160e+03 1.443732384559911676e+07
5.407262639184982618e+03 1.424645999013206363e+07
5.409825409327097077e+03 1.426763606373319216e+07
5.412388197178402152e+03 1.429376354017790221e+07
5.414951002803562005e+03 1.355074967037745751e+07
5.417513826267455443e+03 1.362488812500996701e+07
5.420076667635174999e+03 1.394155735741972737e+07
5.422639526972027852e+03 1.410360272451606207e+07
5.425202404343535818e+03 1.435794068857957982e+07
5.427765299815435355e+03 1.455579773187802732e+07
5.430328213453678472e+03 1.452044374512119405e+07
5.432891145324428180e+03 1.409841083099614829e+07
5.435454095494065768e+03 1.429916419945703633e+07
5.438017064029184439e+03 1.439168160047862120e+07
5.440580050996593855e+03 1.403492527129478939e+07
5.443143056463316498e+03 1.398038048910397664e+07
5.445706080496590403e+03 1.381796753704229929e+07
5.448269123163867334e+03 1.452131661288203299e+07
5.450832184532813699e+03 1.494459017142687552e+07
5.453395264671310542e+03 1.461047023581719026e+07
5.455958363647454462e+03 1.374877669492219575e+07
5.458521481529553967e+03 1.392234634434355050e+07
5.461084618386134025e+03 1.468396805962682143e+07
5.463647774285934247e+03 1.419301133508507907e+07
5.466210949297907064e+03 1.378688007410348207e+07
5.468774143491221366e+03 1.428724681351209059e+07
5.471337356935258867e+03 1.405323475608734041e+07
5.473900589699616830e+03 1.363692850380907953e+07
5.476463841854105340e+03 1.393996776856344938e+07
5.479027113468751850e+03 1.409710490891346894e+07
5.481590404613795727e+03 1.403280234817368165e+07
5.484153715359691887e+03 1.370670762798019499e+07
5.486717045777109888e+03 1.312495880775403790e+07
5.489280395936932109e+03 1.325738526894764602e+07
5.491843765910258298e+03 1.358549182351452857e+07
5.494407155768400116e+03 1.387187991464950517e+07
5.496970565582885683e+03 1.382523052270514891e+07
5.499533995425455032e+03 1.371055949004833959e+07
5.502097445368065564e+03 1.385977857868893072e+07
5.504660915482887503e+03 1.376227216329883412e+07
5.507224405842304805e+03 1.373181930462291278e+07
5.509787916518918792e+03 1.373781394060247578e+07
5.512351447585541791e+03 1.363696361310414411e+07
5.514914999115202590e+03 1.352458051489570364e+07
5.517478571181145526e+03 1.359559405571641400e+07
5.520042163856825937e+03 1.362270152933184616e+07
5.522605777215917442e+03 1.338867533482572623e+07
5.525169411332304662e+03 1.347973978548082709e+07
5.527733066280089588e+03 1.383427958475189656e+07
5.530296742133587031e+03 1.392369965307796560e+07
5.532860438967327354e+03 1.383897844969038293e+07
5.535424156856053742e+03 1.352933120109676570e+07
5.537987895874724927e+03 1.293357403612993658e+07
5.540551656098515195e+03 1.317778774629688635e+07
5.543115437602811653e+03 1.354503955638946593e+07
5.545679240463216047e+03 1.339766744125110283e+07
5.548243064755545674e+03 1.347908110843071528e+07
5.550806910555831564e+03 1.358908425322336890e+07
5.553370777940317566e+03 1.344019008213261515e+07
5.555934666985465810e+03 1.334852525394011289e+07
5.558498577767950337e+03 1.355734646307767369e+07
5.561062510364659829e+03 1.362823315443430096e+07
5.563626464852697609e+03 1.331084145331558585e+07
5.566190441309380731e+03 1.320394717399644665e+07
5.568754439812243618e+03 1.328539774735454097e+07
5.571318460439031696e+03 1.310662105941531993e+07
5.573882503267706852e+03 1.289664058755133115e+07
5.576446568376444702e+03 1.282433735599613562e+07
5.579010655843634595e+03 1.276722106056504697e+07
5.581574765747883248e+03 1.259938250052452832e+07
5.584138898168008382e+03 1.265742138093814440e+07
5.586703053183045085e+03 1.291196947750252672e+07
5.589267230872239452e+03 1.301560950606342778e+07
5.591831431315055852e+03 1.297358534811286069e+07
5.594395654591171478e+03 1.271783298642046005e+07
5.596959900780476346e+03 1.202579124165759794e+07
5.599524169963078748e+03 1.192724361116378568e+07
5.602088462219297071e+03 1.236669819416343234e+07
5.604652777629667980e+03 1.250061026696683280e+07
5.607217116274940054e+03 1.253183104341915809e+07
5.609781478236077419e+03 1.230652589200445265e+07
5.612345863594258844e+03 1.212855586540173739e+07
5.614910272430877740e+03 1.262897058222092688e+07
5.617474704827540336e+03 1.310436262761801295e+07
5.620039160866068414e+03 1.309828237603322044e+07
5.622603640628499306e+03 1.289038809139296971e+07
5.625168144197084075e+03 1.207984943850847706e+07
5.627732671654287515e+03 1.204620134755397774e+07
5.630297223082788150e+03 1.261408968801343068e+07
5.632861798565482786e+03 1.247719109349827468e+07
5.635426398185478320e+03 1.227942523917785287e+07
5.637991022026097198e+03 1.255689665419835784e+07
5.640555670170879239e+03 1.279543688380887732e+07
5.643120342703576171e+03 1.262032151277791709e+07
5.645685039708153454e+03 1.230780091308406740e+07
5.648249761268793009e+03 1.221616958502527699e+07
5.650814507469889577e+03 1.219673993652322330e+07
5.653379278396054360e+03 1.220931736313599534e+07
5.655944074132111382e+03 1.237700136616658978e+07
5.658508894763100216e+03 1.235056193237611465e+07
5.661073740374273257e+03 1.224394254059502296e+07
5.663638611051098451e+03 1.206436661004145816e+07
5.666203506879259294e+03 1.178471597039592825e+07
5.668768427944651194e+03 1.157128478201793693e+07
5.671333374333386928e+03 1.161304649753333628e+07
5.673898346131792096e+03 1.188412457478553057e+07
5.676463343426406027e+03 1.198783448378471844e+07
5.679028366303984512e+03 1.200682235749287717e+07
5.681593414851497073e+03 1.218701620775638707e+07
5.684158489156126052e+03 1.216123213142853603e+07
5.686723589305271162e+03 1.205310126183836162e+07
5.689288715386544027e+03 1.197461314153244160e+07
5.691853867487771822e+03 1.157648230606138892e+07
5.694419045696996363e+03 1.133442051093995944e+07
5.696984250102475016e+03 1.126731870348737203e+07
5.699549480792677059e+03 1.130767486402199045e+07
5.702114737856287320e+03 1.153872465581876226e+07
5.704680021382205268e+03 1.169200044755162857e+07
5.707245331459545923e+03 1.163202644581973739e+07
5.709810668177638036e+03 1.139747888947338983e+07
5.712376031626023178e+03 1.143387790371024609e+07
5.714941421894459381e+03 1.145043444260925613e+07
5.717506839072918410e+03 1.113369411992157996e+07
5.720072283251586668e+03 1.086877624995131232e+07
5.722637754520865201e+03 1.110812762730842642e+07
5.725203252971369693e+03 1.150221405266959779e+07
5.727768778693929562e+03 1.154294103354538605e+07
5.730334331779588865e+03 1.156649595777764730e+07
5.732899912319606301e+03 1.170554128954535350e+07
5.735465520405456118e+03 1.171956555065006576e+07
5.738031156128824477e+03 1.161214691263963468e+07
5.740596819581614000e+03 1.150783305369482003e+07
5.743162510855941946e+03 1.154194419438930415e+07
5.745728230044140219e+03 1.157096666415107995e+07
5.748293977238751722e+03 1.151190139049818739e+07
5.750859752532538550e+03 1.146446532632373646e+07
5.753425556018475618e+03 1.139685214040896483e+07
5.755991387789750661e+03 1.127981204453317635e+07
5.758557247939767876e+03 1.125470863474777527e+07
5.761123136562144282e+03 1.115032212244826928e+07
5.763689053750713356e+03 1.084397591947611421e+07
5.766254999599522307e+03 1.099701141773073748e+07
5.768820974202832076e+03 1.119491074717830680e+07
5.771386977655117335e+03 1.094220087417887151e+07
5.773953010051070123e+03 1.096693991609906405e+07
5.776519071485594395e+03 1.126953277093782090e+07
5.779085162053810564e+03 1.129966273324546777e+07
5.781651281851050044e+03 1.113506765412930772e+07
5.784217430972863440e+03 1.106243886871616542e+07
5.786783609515012358e+03 1.117118920933220908e+07
5.789349817573473956e+03 1.103570408163171448e+07
5.791916055244440940e+03 1.073940498646630906e+07
5.794482322624317021e+03 1.067994231322099268e+07
5.797048619809726006e+03 1.087620413027499616e+07
5.799614946897499976e+03 1.100118483870560490e+07
5.802181303984691112e+03 1.100220543960303068e+07
5.804747691168561687e+03 1.112382847969567776e+07
5.807314108546590433e+03 1.116781151705810800e+07
5.809880556216471632e+03 1.124514817223876901e+07
5.812447034276110571e+03 1.130995951975362375e+07
5.815013542823631724e+03 1.115136719999222085e+07
5.817580081957368748e+03 1.112877648324446753e+07
5.820146651775874489e+03 1.128003758900810406e+07
5.822713252377913705e+03 1.133121428165676445e+07
5.825279883862466704e+03 1.119685360338023677e+07
5.827846546328726618e+03 1.122326126452395320e+07
5.830413239876103034e+03 1.139654586925805733e+07
5.832979964604219276e+03 1.141361752033896558e+07
5.835546720612913305e+03 1.140297070805646293e+07
5.838113508002236813e+03 1.137963147709947452e+07
5.840680326872456135e+03 1.134558560704000294e+07
5.843247177324052245e+03 1.129155512913620286e+07
5.845814059457722578e+03 1.125460997572216578e+07
5.848380973374375571e+03 1.124549959045110643e+07
5.850947919175136121e+03 1.128611925865929760e+07
5.853514896961343766e+03 1.130136482635461353e+07
5.856081906834551773e+03 1.120529004820273072e+07
5.858648948896527145e+03 1.113664621580239758e+07
5.861216023249253340e+03 1.106156577597992122e+07
5.863783129994928458e+03 1.092842010366250388e+07
5.866350269235961605e+03 1.067602873951900937e+07
5.868917441074980161e+03 1.057129287620323151e+07
5.871484645614823421e+03 1.072228717121894471e+07
5.874051882958547139e+03 1.085675559088363685e+07
5.876619153209419892e+03 1.088832917138988897e+07
5.879186456470926714e+03 1.091707171347681247e+07
5.881753792846765464e+03 1.093602673712845147e+07
5.884321162440847729e+03 1.082081418964545801e+07
5.886888565357301559e+03 1.069456416874127090e+07
5.889456001700468732e+03 1.045422440855172463e+07
5.892023471574905670e+03 1.011127882653310150e+07
5.894590975085381615e+03 9.842197629538191482e+06
5.897158512336883177e+03 9.262988435462638736e+06
5.899726083434609791e+03 8.375446928637171164e+06
5.902293688483974620e+03 8.467967111376587301e+06
5.904861327590607289e+03 8.684329604819670320e+06
5.907429000860349333e+03 8.605651035956857726e+06
5.909996708399259660e+03 9.047968966870898381e+06
5.912564450313609996e+03 9.632017188793033361e+06
5.915132226709885799e+03 9.980622129304576665e+06
5.917700037694788989e+03 9.898080049544181675e+06
5.920267883375235215e+03 9.796741489123208448e+06
5.922835763858352948e+03 9.743927575659651309e+06
5.925403679251487119e+03 9.620883674234651029e+06
5.927971629662197302e+03 9.406502076796241105e+06
5.930539615198255888e+03 9.378946562904838473e+06
5.933107635967651731e+03 9.434440882064674050e+06
5.935675692078584689e+03 9.707796698698626831e+06
5.938243783639474714e+03 9.944765057810770348e+06
5.940811910758950035e+03 9.817840575853858143e+06
5.943380073545858068e+03 9.824781188065679744e+06
5.945948272109258141e+03 1.003140818831534684e+07
5.948516506558425135e+03 9.964533709145197645e+06
5.951084777002848568e+03 9.339992080491526052e+06
5.953653083552231692e+03 9.035914324657611549e+06
5.956221426316491488e+03 9.046173072025993839e+06
5.958789805405762309e+03 9.039377614167051390e+06
5.961358220930389507e+03 9.437789229541635141e+06
5.963926673000934898e+03 9.810650086426440626e+06
5.966495161728174935e+03 9.660634695457495749e+06
5.969063687223100715e+03 9.610276219187291339e+06
5.971632249596914335e+03 9.953097486214140430e+06
5.974200848961037991e+03 1.004033946274609119e+07
5.976769485427104883e+03 9.648564771488685161e+06
5.979338159106962848e+03 9.555716200038213283e+06
5.981906870112673460e+03 9.897870476509129629e+06
5.984475618556516565e+03 9.806362680252945051e+06
5.987044404550981199e+03 9.529799129078723490e+06
5.989613228208776491e+03 9.737729338570304215e+06
5.992182089642819847e+03 9.898434497310012579e+06
5.994750988966248769e+03 9.734288633633632213e+06
5.997319926292411765e+03 9.714353086525941268e+06
5.999888901734873798e+03 9.780778707484109327e+06
6.002457915407411747e+03 9.891556228324869648e+06
6.005026967424020768e+03 9.997593372040547431e+06
6.007596057898907020e+03 9.926389774369172752e+06
6.010165186946493122e+03 9.906754522734666243e+06
6.012734354681415425e+03 9.932129283559314907e+06
6.015303561218524010e+03 9.914077973638454452e+06
6.017872806672885417e+03 9.864662927493678406e+06
6.020442091159779011e+03 9.914634333215711638e+06
6.023011414794698794e+03 9.926037426786841825e+06
6.025580777693354321e+03 9.831480662520354614e+06
6.028150179971669786e+03 9.798008464361881837e+06
6.030719621745780387e+03 9.718516154274955392e+06
6.033289103132039600e+03 9.722203139127628878e+06
6.035858624247015541e+03 9.847322778072321787e+06
6.038428185207487331e+03 9.969552070853553712e+06
6.040997786130450550e+03 1.006321898138729855e+07
6.043567427133117235e+03 1.011201612772101723e+07
6.046137108332912248e+03 1.012115288888118044e+07
6.048706829847471454e+03 1.008098657795955427e+07
6.051276591794651722e+03 9.998244558528482914e+06
6.053846394292520017e+03 9.970786920732172206e+06
6.056416237459357944e+03 1.000243239554594457e+07
6.058986121413663568e+03 1.001153234819079004e+07
6.061556046274148684e+03 9.964776100974502042e+06
6.064126012159737002e+03 9.830568852497627959e+06
6.066696019189572326e+03 9.789204822321811691e+06
6.069266067483005827e+03 9.871604972995188087e+06
6.071836157159610593e+03 9.871727561798347160e+06
6.074406288339167077e+03 9.729308378383358940e+06
6.076976461141676737e+03 9.739576572524974123e+06
6.079546675687350216e+03 9.870795287964105606e+06
6.082116932096615528e+03 9.911553950988981873e+06
6.084687230490113507e+03 9.861360853276969865e+06
6.087257570988702355e+03 9.689310598295848817e+06
6.089827953713450370e+03 9.600602788037907332e+06
6.092398378785645036e+03 9.632901539376700297e+06
6.094968846326783932e+03 9.612063774759637192e+06
6.097539356458582915e+03 9.597847067323457450e+06
6.100109909302968845e+03 9.577931580036476254e+06
6.102680504982085040e+03 9.572300737875830382e+06
6.105251143618291280e+03 9.618429898345213383e+06
6.107821825334157438e+03 9.646773817097244784e+06
6.110392550252469846e+03 9.461465411295941100e+06
6.112963318496231295e+03 9.230747626070775092e+06
6.115534130188654672e+03 9.361121142884463072e+06
6.118104985453172048e+03 9.552549731316376477e+06
6.120675884413427411e+03 9.574303040875457227e+06
6.123246827193279387e+03 9.578587865253627300e+06
6.125817813916799423e+03 9.539068269438246265e+06
6.128388844708279066e+03 9.479614849957536906e+06
6.130959919692217227e+03 9.277506940745547414e+06
6.133531038993332913e+03 9.197868779189420864e+06
6.136102202736555228e+03 9.328014217784874141e+06
6.138673411047031550e+03 9.358826861668346450e+06
6.141244664050122083e+03 9.364770783734023571e+06
6.143815961871401669e+03 9.280859812367448583e+06
6.146387304636657063e+03 8.938293584234736860e+06
6.148958692471895120e+03 8.874731926655873656e+06
6.151530125503330055e+03 9.069961600241376087e+06
6.154101603857398914e+03 9.173128375867240131e+06
6.156673127660746104e+03 9.201157021454345435e+06
6.159244697040232495e+03 9.169281452527936548e+06
6.161816312122936324e+03 9.146267862206729129e+06
6.164387973036145922e+03 9.053129197137294337e+06
6.166959679907367899e+03 8.982386815575510263e+06
6.169531432864319868e+03 8.796983149032201618e+06
6.172103232034937719e+03 8.478270399544863030e+06
6.174675077547368346e+03 8.551220370803274214e+06
6.177246969529975104e+03 8.725168941371282563e+06
6.179818908111334167e+03 8.672487530064176768e+06
6.182390893420239081e+03 8.773804025777146220e+06
6.184962925585695302e+03 8.894992998580556363e+06
6.187535004736922929e+03 8.917219593678236008e+06
6.190107131003358518e+03 8.990753072643231601e+06
6.192679304514651449e+03 9.045551251275649294e+06
6.195251525400663922e+03 9.006790096494341269e+06
6.197823793791476419e+03 8.905027534779546782e+06
6.200396109817382239e+03 8.756927713916590437e+06
6.202968473608887507e+03 8.765213510889135301e+06
6.205540885296715715e+03 8.938735649846624583e+06
6.208113345011802267e+03 8.977101136096049100e+06
6.210685852885299028e+03 8.934986827168829739e+06
6.213258409048570684e+03 8.975252214337399229e+06
6.215831013633198381e+03 9.024873727858237922e+06
6.218403666770974269e+03 9.027168924004038796e+06
6.220976368593908774e+03 8.953348640035916120e+06
6.223549119234226055e+03 8.769968375389562920e+06
6.226121918824363092e+03 8.691868955712307245e+06
6.228694767496970599e+03 8.713217400104325265e+06
6.231267665384917564e+03 8.756220692969242111e+06
6.233840612621284890e+03 8.832189864009935409e+06
6.236413609339368122e+03 8.810789882827902213e+06
6.238986655672676534e+03 8.622167456851094961e+06
6.241559751754935860e+03 8.470670696084313095e+06
6.244132897720084657e+03 8.592149528845600784e+06
6.246706093702277940e+03 8.652096491734722629e+06
6.249279339835880819e+03 8.565472642393492162e+06
6.251852636255478501e+03 8.502142513604331762e+06
6.254425983095867196e+03 8.340772273628395051e+06
6.256999380492059572e+03 8.296428492193354294e+06
6.259572828579279303e+03 8.407094861633805558e+06
6.262146327492968339e+03 8.299077057434340939e+06
6.264719877368782363e+03 8.117218314708606340e+06
6.267293478342588969e+03 8.121905147303082049e+06
6.269867130550472211e+03 8.219876938366243616e+06
6.272440834128732604e+03 8.314630894677948207e+06
6.275014589213880754e+03 8.308547507181408815e+06
6.277588395942644638e+03 8.268590695236531086e+06
6.280162254451966874e+03 8.237610151831264608e+06
6.282736164879002899e+03 8.195354419061113149e+06
6.285310127361122795e+03 7.899118488561294973e+06
6.287884142035913101e+03 7.365010529261237010e+06
6.290458209041173177e+03 7.281444667689331807e+06
6.293032328514917026e+03 7.654396086838122457e+06
6.295606500595373291e+03 7.937115837857679464e+06
6.298180725420984345e+03 7.980959479863225482e+06
6.300755003130409023e+03 7.868269141746322624e+06
6.303329333862518979e+03 7.817973573887255974e+06
6.305903717756400511e+03 7.801677901794831268e+06
6.308478154951353645e+03 7.731144421911449172e+06
6.311052645586895778e+03 7.667003565038831905e+06
6.313627189802756220e+03 7.781073665853200480e+06
6.316201787738878920e+03 7.990114174049136229e+06
6.318776439535423378e+03 8.037538139910327271e+06
6.321351145332762826e+03 7.977699910133450292e+06
6.323925905271484226e+03 7.821603218755234964e+06
6.326500719492390999e+03 7.612762029148653150e+06
6.329075588136500301e+03 7.602327119297664613e+06
6.331650511345042105e+03 7.767616542573999614e+06
6.334225489259462847e+03 7.937304513424539939e+06
6.336800522021421784e+03 8.042277928957519121e+06
6.339375609772796452e+03 8.040632754885034636e+06
6.341950752655672659e+03 8.002953555712298490e+06
6.344525950812356314e+03 7.895486589573195204e+06
6.347101204385363417e+03 7.789703843412440270e+06
6.349676513517429157e+03 7.848505494808888063e+06
6.352251878351498817e+03 7.880473282666700892e+06
6.354827299030734139e+03 7.851092871424410492e+06
6.357402775698512414e+03 7.900729222396098077e+06
6.359978308498421939e+03 7.972369998887806199e+06
6.362553897574270195e+03 7.968003236732712947e+06
6.365129543070074760e+03 7.900607487034304067e+06
6.367705245130069670e+03 7.801525356328624301e+06
6.370281003898704512e+03 7.689441630671733059e+06
6.372856819520640784e+03 7.671692325070537627e+06
6.375432692140757354e+03 7.782872611545923166e+06
6.378008621904145002e+03 7.853134983050456271e+06
6.380584608956110060e+03 7.827681138064581901e+06
6.383160653442173498e+03 7.853153461826612242e+06
6.385736755508070019e+03 7.894996028329246677e+06
6.388312915299749875e+03 7.849031255150809884e+06
6.390889132963377961e+03 7.797246282005265355e+06
6.393465408645331991e+03 7.797400383220732212e+06
6.396041742492205231e+03 7.830900950677471235e+06
6.398618134650804677e+03 7.853785206596387550e+06
6.401194585268152878e+03 7.751426392744375393e+06
6.403771094491487929e+03 7.642040225326618180e+06
6.406347662468258932e+03 7.667015922612848692e+06
6.408924289346132355e+03 7.567436798671994358e+06
6.411500975272987489e+03 7.546127218512746505e+06
6.414077720396919176e+03 7.693795032510573044e+06
6.416654524866236898e+03 7.635337053629294038e+06
6.419231388829462048e+03 7.512576122166666202e+06
6.421808312435334301e+03 7.529967209394693375e+06
6.424385295832807060e+03 7.582954546616083011e+06
6.426962339171044732e+03 7.611245217285072431e+06
6.429539442599429094e+03 7.533806866589291953e+06
6.432116606267557472e+03 7.549129439359032549e+06
6.434693830325239105e+03 7.685523903095704503e+06
6.437271114922497873e+03 7.728377360582558438e+06
6.439848460209575023e+03 7.607403526429368183e+06
6.442425866336921899e+03 7.523722498431660235e+06
6.445003333455208121e+03 7.595667404820209369e+06
6.447580861715317042e+03 7.537886377551806159e+06
6.450158451268343924e+03 7.469472630660946481e+06
6.452736102265601403e+03 7.587002485224599019e+06
6.455313814858614933e+03 7.635590404169018380e+06
6.457891589199125519e+03 7.478681766771405935e+06
6.460469425439087900e+03 7.361551945325735025e+06
6.463047323730672360e+03 7.367962183087336831e+06
6.465625284226261101e+03 7.310768738551852293e+06
6.468203307078453690e+03 7.212774915289795026e+06
6.470781392440063428e+03 7.068707699148205109e+06
6.473359540464116435e+03 6.939964567180256359e+06
6.475937751303856203e+03 6.973343146027448587e+06
6.478516025112738134e+03 6.944827853160143830e+06
6.481094362044432273e+03 6.819860952700322494e+06
6.483672762252825123e+03 6.638472767676391639e+06
6.486251225892016919e+03 6.552053076857495122e+06
6.488829753116318898e+03 6.685213850000003353e+06
6.491408344080264214e+03 6.665933626039234921e+06
6.493986998938591569e+03 6.578942171491445974e+06
6.496565717846261578e+03 6.742351459971613251e+06
6.499144500958444041e+03 6.857865412486563437e+06
6.501723348430528858e+03 6.627127035724874586e+06
6.504302260418114201e+03 6.285925702855101787e+06
6.506881237077016522e+03 6.360028043033529073e+06
6.509460278563266002e+03 6.797890091844678856e+06
6.512039385033106555e+03 7.064308257186772302e+06
6.514618556642997646e+03 7.149254216396211646e+06
6.517197793549613380e+03 7.165709443382250145e+06
6.519777095909839773e+03 7.106254629655267112e+06
6.522356463880782030e+03 6.903230816232823767e+06
6.524935897619753632e+03 6.416682336814190261e+06
6.527515397284288156e+03 6.178855973878695630e+06
6.530094963032131091e+03 6.543727207972183824e+06
6.532674595021242567e+03 6.854158963124359958e+06
6.535254293409796446e+03 6.936277034515864216e+06
6.537834058356183959e+03 7.042915440118326806e+06
6.540413890019006431e+03 6.995527949484448880e+06
6.542993788557083462e+03 6.816081591785755008e+06
6.545573754129447479e+03 6.835994785239101388e+06
6.548153786895346457e+03 7.003927249213003553e+06
6.550733887014241191e+03 6.974567301247742027e+06
6.553314054645807119e+03 6.723833714616945013e+06
6.555894289949934318e+03 6.543964017809546553e+06
6.558474593086730238e+03 6.554516280012574047e+06
6.561054964216513326e+03 6.561497348325170577e+06
6.563635403499816675e+03 6.431641423621986061e+06
6.566215911097388016e+03 6.280591158703832887e+06
6.568796487170193359e+03 6.007484128373157233e+06
6.571377131879407898e+03 5.143825230318198912e+06
6.573957845386423287e+03 4.845485737820007838e+06
6.576538627852846730e+03 5.717737509845315479e+06
6.579119479440499163e+03 6.281776028080675751e+06
6.581700400311415251e+03 6.328328855000739917e+06
6.584281390627844303e+03 6.384942485474038869e+06
6.586862450552252994e+03 6.618630240769523196e+06
6.589443580247316277e+03 6.784579327650364488e+06
6.592024779875931017e+03 6.730828139970923774e+06
6.594606049601202358e+03 6.665213660634205677e+06
6.597187389586453719e+03 6.669207184148402885e+06
6.599768799995221343e+03 6.768903177992058918e+06
6.602350280991257023e+03 6.667728682916951366e+06
6.604931832738524463e+03 6.615081085381704383e+06
6.607513455401205647e+03 6.714936921684912406e+06
6.610095149143693561e+03 6.761128602505578659e+06
6.612676914130597652e+03 6.797665050077206455e+06
6.615258750526742006e+03 6.802477567057073116e+06
6.617840658497165350e+03 6.774751424087515101e+06
6.620422638207117416e+03 6.776006101383737288e+06
6.623004689822068030e+03 6.820738953755607828e+06
6.625586813507696206e+03 6.860320624663737603e+06
6.628169009429898324e+03 6.876411935082055628e+06
6.630751277754785406e+03 6.862754210452000611e+06
6.633333618648682204e+03 6.840783807868590578e+06
6.635916032278128114e+03 6.791865340829317458e+06
6.638498518809874440e+03 6.760814890474548563e+06
6.641081078410892587e+03 6.702791509009715170e+06
6.643663711248364052e+03 6.585805416662454605e+06
6.646246417489686792e+03 6.626836973691541702e+06
6.648829197302470675e+03 6.717959853356599808e+06
6.651412050854542940e+03 6.668174373801138252e+06
6.653994978313943648e+03 6.619098617821845226e+06
6.656577979848928408e+03 6.670749462969877757e+06
6.659161055627966562e+03 6.733366447414812632e+06
6.661744205819742092e+03 6.733830126138158143e+06
6.664327430593153622e+03 6.716235433742189780e+06
6.666910730117313506e+03 6.713397977900032885e+06
6.669494104561548738e+03 6.680332017343558371e+06
6.672077554095403684e+03 6.573370362600934692e+06
6.674661078888631891e+03 6.534968588253245689e+06
6.677244679111205187e+03 6.601844732793561183e+06
6.679828354933310038e+03 6.640373020078476518e+06
6.682412106525343916e+03 6.646882348840351216e+06
6.684995934057923478e+03 6.608089494730250910e+06
6.687579837701876386e+03 6.496812302226107568e+06
6.690163817628245852e+03 6.513352531551249325e+06
6.692747874008289727e+03 6.620437329446820542e+06
6.695332007013479597e+03 6.640889531459612772e+06
6.697916216815502594e+03 6.637418861929921433e+06
6.700500503586260493e+03 6.630263243057965301e+06
6.703084867497867890e+03 6.612391790534530766e+06
6.705669308722654023e+03 6.549396023181042634e+06
6.708253827433165497e+03 6.516616354648485780e+06
6.710838423802160833e+03 6.552004433715463616e+06
6.713423098002613187e+03 6.515281817757829092e+06
6.716007850207710362e+03 6.494600883304583840e+06
6.718592680590853888e+03 6.528063068971946836e+06
6.721177589325661756e+03 6.508034349789151922e+06
6.723762576585966599e+03 6.445867325873438269e+06
6.726347642545812050e+03 6.350001970014307648e+06
6.728932787379459114e+03 6.332376967459852807e+06
6.731518011261381616e+03 6.401812156413377263e+06
6.734103314366271661e+03 6.430643689375900663e+06
6.736688696869031446e+03 6.421910555285352282e+06
6.739274158944777810e+03 6.433145488281389698e+06
6.741859700768845869e+03 6.435435872228008695e+06
6.744445322516781744e+03 6.414644326777208596e+06
6.747031024364346194e+03 6.388867696370468475e+06
6.749616806487516442e+03 6.366657567382978275e+06
6.752202669062483437e+03 6.353641349949534982e+06
6.754788612265650954e+03 6.347638067991743796e+06
6.757374636273640135e+03 6.317256045357834548e+06
6.759960741263283126e+03 6.254177665019442327e+06
6.762546927411629440e+03 6.257227871268532239e+06
6.765133194895942324e+03 6.286836455569768324e+06
6.767719543893699665e+03 6.294696814555272460e+06
6.770305974582591261e+03 6.307727447515118867e+06
6.772892487140525191e+03 6.305119371226301417e+06
6.775479081745623262e+03 6.256757580979217775e+06
6.778065758576218286e+03 6.185375100416289642e+06
6.780652517810861355e+03 6.172693269651090726e+06
6.783239359628318198e+03 6.193172717169359326e+06
6.785826284207564640e+03 6.231843835298558697e+06
6.788413291727795695e+03 6.236893499615094624e+06
6.791000382368419196e+03 6.205304958736306056e+06
6.793587556309056708e+03 6.142881915465083905e+06
6.796174813729545349e+03 6.120414935613391921e+06
6.798762154809935964e+03 6.150841797586314380e+06
6.801349579730494952e+03 6.164654601018655114e+06
6.803937088671701531e+03 6.124713986812174320e+06
6.806524681814249561e+03 6.095500124588625506e+06
6.809112359339050272e+03 6.102439678124053404e+06
6.811700121427225895e+03 6.107676540333606303e+06
6.814287968260112393e+03 6.080090179433583282e+06
6.816875900019265828e+03 6.059321986979628913e+06
6.819463916886452353e+03 6.055267683255834505e+06
6.822052019043650944e+03 6.052659926931127906e+06
6.824640206673059765e+03 6.068851848824013956e+06
6.827228479957088894e+03 6.074900692833294161e+06
6.829816839078362136e+03 6.049065613251813687e+06
6.832405284219719761e+03 6.043532279890131205e+06
6.834993815564215765e+03 6.056816259712747298e+06
6.837582433295117880e+03 5.996055944563432597e+06
6.840171137595908476e+03 5.988942189953141846e+06
6.842759928650284564e+03 6.028573930789145641e+06
6.845348806642159616e+03 6.011261086713911034e+06
6.847937771755658105e+03 5.920271136361287907e+06
6.850526824175120055e+03 5.780110020054102875e+06
6.853115964085103769e+03 5.756011257917378098e+06
6.855705191670374916e+03 5.883154845180978067e+06
6.858294507115919259e+03 5.960866270434664562e+06
6.860883910606937206e+03 5.961145746004040353e+06
6.863473402328838347e+03 5.886859038100742735e+06
6.866062982467252368e+03 5.793221356910086237e+06
6.868652651208019961e+03 5.804320829815645702e+06
6.871242408737198275e+03 5.814428072022541426e+06
6.873832255241059102e+03 5.756782030209705234e+06
6.876422190906087053e+03 4.846561974283411168e+06
6.879012215918979564e+03 3.374790567630202509e+06
6.881602330466655076e+03 3.097261955702603329e+06
6.884192534736240304e+03 3.505214504708617460e+06
6.886782828915078426e+03 3.983641149992705323e+06
6.889373213190727256e+03 4.604660390854455531e+06
6.891963687750958343e+03 5.116823186832679436e+06
6.894554252783760603e+03 4.970082799120624550e+06
6.897144908477333956e+03 4.598625783917837776e+06
6.899735655020092963e+03 4.514075451555209234e+06
6.902326492600668644e+03 4.496696909690236673e+06
6.904917421407906659e+03 4.512423612310651690e+06
6.907508441630864581e+03 4.647955769552479498e+06
6.910099553458816445e+03 4.709072635887097567e+06
6.912690757081250013e+03 4.739192496462418698e+06
6.915282052687867690e+03 4.837237451569940895e+06
6.917873440468587432e+03 4.882839221440264955e+06
6.920464920613540016e+03 4.997039523728856817e+06
6.923056493313069950e+03 4.973044403721896932e+06
6.925648158757740930e+03 4.938461021505369805e+06
6.928239917138324927e+03 5.034584109278832562e+06
6.930831768645812190e+03 5.053699942582886666e+06
6.933423713471406700e+03 4.888011298171195202e+06
6.936015751806526168e+03 4.852908295680494979e+06
6.938607883842803858e+03 4.737200239653519355e+06
6.941200109772087671e+03 4.513478762094994076e+06
6.943792429786439243e+03 4.663348396211678162e+06
6.946384844078133028e+03 4.783855301136581227e+06
6.948977352839659943e+03 4.480206311441652477e+06
6.951569956263727363e+03 4.196805454259144142e+06
6.954162654543251847e+03 4.597804732220168225e+06
6.956755447871370961e+03 4.772647607937146910e+06
6.959348336441429637e+03 4.643813496593425050e+06
6.961941320446994723e+03 4.816327177599484101e+06
6.964534400081839522e+03 4.810648518787419423e+06
6.967127575539959253e+03 4.727488674676042981e+06
6.969720847015558320e+03 4.737046632986639626e+06
6.972314214703059406e+03 4.910918480191336013e+06
6.974907678797097105e+03 5.207169100392558612e+06
6.977501239492520654e+03 5.405697245368049480e+06
6.980094896984395746e+03 5.369794311938744038e+06
6.982688651467999989e+03 5.291018021426405758e+06
6.985282503138826542e+03 5.292933770402029157e+06
6.987876452192584111e+03 5.055079739940278232e+06
6.990470498825196046e+03 5.048189630285991356e+06
6.993064643232795788e+03 5.192560989350290969e+06
6.995658885611736878e+03 4.977100677231508307e+06
6.998253226158583857e+03 4.608829234126110561e+06
7.000847665070118637e+03 4.623791111297995783e+06
7.003442202543334133e+03 4.658962325984129682e+06
7.006036838775440629e+03 4.811815078900226392e+06
7.008631573963860319e+03 4.755377769793833606e+06
7.011226408306231860e+03 4.738787300361346453e+06
7.013821342000408549e+03 4.574521499553010799e+06
7.016416375244456503e+03 4.369630245190268382e+06
7.019011508236656482e+03 4.679225617539812811e+06
7.021606741175506613e+03 4.725330483921924606e+06
7.024202074259715118e+03 4.668057469387512654e+06
7.026797507688208498e+03 4.433629176157633774e+06
7.029393041660125164e+03 4.636789553368326277e+06
7.031988676374818169e+03 4.679644889025678858e+06
7.034584412031857937e+03 4.512140077015701681e+06
7.037180248831025892e+03 4.391121628212144598e+06
7.039776186972319010e+03 4.665677139111894183e+06
7.042372226655950726e+03 5.128591131377554499e+06
7.044968368082344568e+03 5.090848304852329195e+06
7.047564611452144163e+03 4.703078803846506402e+06
7.050160956966202320e+03 4.578268700790555216e+06
7.052757404825590129e+03 4.901103013898346573e+06
7.055353955231590589e+03 5.024727770843211561e+06
7.057950608385703163e+03 4.967180066638940945e+06
7.060547364489641041e+03 4.741555022916398942e+06
7.063144223745330237e+03 4.618939007465629838e+06
7.065741186354914134e+03 4.774615159962612204e+06
7.068338252520748938e+03 4.793510426942954771e+06
7.070935422445405493e+03 4.808970518126263283e+06
7.073532696331669285e+03 4.806877632312986068e+06
7.076130074382541352e+03 4.780257925551949069e+06
7.078727556801232822e+03 4.868341145897800103e+06
7.081325143791175833e+03 4.938661729273327626e+06
7.083922835556012615e+03 4.921168959624273703e+06
7.086520632299600038e+03 4.877386516880471259e+06
7.089118534226012343e+03 4.779249973444432952e+06
7.091716541539533864e+03 4.896673512282388285e+06
7.094314654444668122e+03 4.958318359348025173e+06
7.096912873146129641e+03 4.863654488403865136e+06
7.099511197848848497e+03 4.819398761773404665e+06
7.102109628757969404e+03 4.889839642002187669e+06
7.104708166078851718e+03 4.922407636916757561e+06
7.107306810017069438e+03 4.893894117269086652e+06
7.109905560778409381e+03 4.878321109916157089e+06
7.112504418568874826e+03 4.908804753754478879e+06
7.115103383594683692e+03 4.916536852627451532e+06
7.117702456062265810e+03 4.888570861180475913e+06
7.120301636178268382e+03 4.879937247321423143e+06
7.122900924149550519e+03 4.901978989038009197e+06
7.125500320183187796e+03 4.950343558344017714e+06
7.128099824486471334e+03 4.905908274142478593e+06
7.130699437266902351e+03 4.863399302287634462e+06
7.133299158732200340e+03 4.882467513936578296e+06
7.135898989090298528e+03 4.928946187030400150e+06
7.138498928549342963e+03 4.801565998596330173e+06
7.141098977317697063e+03 4.706943232769085094e+06
7.143699135603936156e+03 4.808712748254535720e+06
7.146299403616850213e+03 4.872814886981705204e+06
7.148899781565445664e+03 4.842908189863190986e+06
7.151500269658940852e+03 4.799351212502930313e+06
7.154100868106771486e+03 4.739316930626281537e+06
7.156701577118585192e+03 4.594698819360842928e+06
7.159302396904245143e+03 4.420854289416911080e+06
7.161903327673829153e+03 4.490680193421801552e+06
7.164504369637628770e+03 4.621688888537014835e+06
7.167105523006151998e+03 4.557210786258118227e+06
7.169706787990116936e+03 4.473102976804898120e+06
7.172308164800461782e+03 4.301990262154336087e+06
7.174909653648335734e+03 3.826227783089039847e+06
7.177511254745100814e+03 3.338382811776731163e+06
7.180112968302340050e+03 3.103293324794298969e+06
7.182714794531843836e+03 2.876226518914851360e+06
7.185316733645621753e+03 2.838314533124623820e+06
7.187918785855894384e+03 2.937160331340322737e+06
7.190520951375099685e+03 3.135376092567639891e+06
7.193123230415888429e+03 3.088106145851196256e+06
7.195725623191126033e+03 2.575818806947542820e+06
7.198328129913892553e+03 2.677310490706383716e+06
7.200930750797484507e+03 2.971919250897000078e+06
7.203533486055409412e+03 2.618021729533205274e+06
7.206136335901390339e+03 2.718279621995964553e+06
7.208739300549368636e+03 2.765441724529237486e+06
7.211342380213492106e+03 2.608380139255764894e+06
7.213945575108131379e+03 2.678994623386679683e+06
7.216548885447866269e+03 2.904713068712743465e+06
7.219152311447493048e+03 3.355087751303532161e+06
7.221755853322021721e+03 3.829054699183554854e+06
7.224359511286679663e+03 4.081230513653873000e+06
7.226963285556903429e+03 3.930052387705093715e+06
7.229567176348347857e+03 3.987638849354824517e+06
7.232171183876882424e+03 4.083033974776453339e+06
7.234775308358587608e+03 3.929190002072500996e+06
7.237379550009763079e+03 3.825652672433315311e+06
7.239983909046919507e+03 3.734326658510507550e+06
7.242588385686782203e+03 3.209916533605368808e+06
7.245192980146294758e+03 2.689625598131303675e+06
7.247797692642609036e+03 3.110855016805168707e+06
7.250402523393097908e+03 3.200998186683169100e+06
7.253007472615343431e+03 2.999257456567496527e+06
7.255612540527143210e+03 3.045736101740345359e+06
7.258217727346513129e+03 3.209363829558637459e+06
7.260823033291679167e+03 3.155396162397696171e+06
7.263428458581083760e+03 2.842928773705177009e+06
7.266034003433383987e+03 3.118592437915710732e+06
7.268639668067448838e+03 3.294356875936304685e+06
7.271245452702366492e+03 3.120462053291856311e+06
7.273851357557435222e+03 2.941139466097190976e+06
7.276457382852169758e+03 3.097373906533300877e+06
7.279063528806298564e+03 3.468383300875336397e+06
7.281669795639766562e+03 3.403313569387430791e+06
7.284276183572729678e+03 3.047488454248909838e+06
7.286882692825562117e+03 2.572126362241293304e+06
7.289489323618849085e+03 2.780656715416184627e+06
7.292096076173391339e+03 3.384149914007341955e+06
7.294702950710207006e+03 3.678254953731880523e+06
7.297309947450525215e+03 3.447881619624339510e+06
7.299917066615789736e+03 2.857579083021991886e+06
7.302524308427660799e+03 2.692164325515094213e+06
7.305131673108011455e+03 2.998623527350855060e+06
7.307739160878931216e+03 3.433115512272341177e+06
7.310346771962720595e+03 3.398547802055916283e+06
7.312954506581898386e+03 2.978692648692434188e+06
7.315562364959194383e+03 3.038984857221092563e+06
7.318170347317555752e+03 3.276721709033919033e+06
7.320778453880142479e+03 3.088449034142071381e+06
7.323386684870331010e+03 3.127244141967983916e+06
7.325995040511708794e+03 3.259703738749988377e+06
7.328603521028080650e+03 3.214954412727337796e+06
7.331212126643466036e+03 3.546472464353599586e+06
7.333820857582095414e+03 3.874320545680713840e+06
7.336429714068417525e+03 3.787636185236691032e+06
7.339038696327093930e+03 3.753024966335955076e+06
7.341647804583000834e+03 3.764906774714964442e+06
7.344257039061230898e+03 3.705442585323805921e+06
7.346866399987085970e+03 3.898068823820238002e+06
7.349475887586087993e+03 4.147880192854819354e+06
7.352085502083969914e+03 4.122709670471585821e+06
7.354695243706682049e+03 3.957402281993786804e+06
7.357305112680386628e+03 3.871598696665222757e+06
7.359915109231460519e+03 3.809440677315641660e+06
7.362525233586497052e+03 3.826533257363999728e+06
7.365135485972301467e+03 3.889826573998155072e+06
7.367745866615895466e+03 3.843207258231781889e+06
7.370356375744515390e+03 3.782975214018817991e+06
7.372967013585610403e+03 3.721175690927143674e+06
7.375577780366844308e+03 3.751289364743731916e+06
7.378188676316096462e+03 3.793318686539817136e+06
7.380799701661460858e+03 3.830081555203752127e+06
7.383410856631246133e+03 3.939271093600820284e+06
7.386022141453971926e+03 4.036345691557600629e+06
7.388633556358377973e+03 4.026075587578187697e+06
7.391245101573413194e+03 3.954715875192840584e+06
7.393856777328244789e+03 3.862887275406949688e+06
7.396468583852252777e+03 3.866400531860027462e+06
7.399080521375031822e+03 3.881798298627096228e+06
7.401692590126391224e+03 3.838941578521864954e+06
7.404304790336354927e+03 3.901501453409831040e+06
7.406917122235158786e+03 3.956165889145256020e+06
7.409529586053258754e+03 3.991674513201136608e+06
7.412142182021319968e+03 4.077697182746171486e+06
7.414754910370224025e+03 4.096005934164021164e+06
7.417367771331068070e+03 4.050573064314425457e+06
7.419980765135162073e+03 3.963963221416774672e+06
7.422593892014030644e+03 3.962561612438936718e+06
7.425207152199413031e+03 3.996886563908651937e+06
7.427820545923264945e+03 4.019182492050713859e+06
7.430434073417751279e+03 4.048476898696583696e+06
7.433047734915258843e+03 4.008585920504932292e+06
7.435661530648383632e+03 4.001923320342203602e+06
7.438275460849935371e+03 4.092296617338335607e+06
7.440889525752943882e+03 4.149289044876315631e+06
7.443503725590647264e+03 4.156181437616699841e+06
7.446118060596501891e+03 4.149774017420688178e+06
7.448732531004177872e+03 4.128328829477066640e+06
7.451347137047558135e+03 4.085379418279832695e+06
7.453961878960742979e+03 4.050445712637248915e+06
7.456576756978043704e+03 4.044140100148874335e+06
7.459191771333989891e+03 4.056598394762607291e+06
7.461806922263322122e+03 4.093923870421830099e+06
7.464422210000996529e+03 4.102835311375455465e+06
7.467037634782186615e+03 4.097898482394456863e+06
7.469653196842275975e+03 4.080726548893345986e+06
7.472268896416865573e+03 4.041817366361543536e+06
7.474884733741768287e+03 4.028521982928923331e+06
7.477500709053016180e+03 4.058121549342278391e+06
7.480116822586848684e+03 4.058414495829422958e+06
7.482733074579726235e+03 4.047170757623845246e+06
7.485349465268321183e+03 4.026033190353774931e+06
7.487965994889519607e+03 4.008577942690613680e+06
7.490582663680423138e+03 3.999656160396768712e+06
7.493199471878348049e+03 3.992445593590756878e+06
7.495816419720822523e+03 3.984022312779819593e+06
7.498433507445594842e+03 3.970860239759043790e+06
7.501050735290621560e+03 3.940334892182326410e+06
7.503668103494077513e+03 4.479046023470338550e+05
